------------------------------------------
Inicio 1 thread
Wed Dec 11 12:48:13 BRST 2013
4	1	1	0.0	1.50e+03	inf
8	1	1	0.0	2.36e+03	inf
16	1	1	0.0	4.90e+03	inf
32	1	1	0.0	8.17e+03	inf
64	1	1	0.0	1.55e+04	inf
128	1	1	0.0	2.90e+04	inf
256	1	1	0.0	4.91e+04	inf
512	1	1	0.0	9.85e+04	inf
1024	1	1	0.0	2.11e+05	inf
2048	1	1	0.1	4.55e+05	4.55e+06
4096	1	1	0.3	1.03e+06	3.43e+06
8192	1	1	0.9	2.47e+06	2.74e+06
16384	1	1	2.0	5.43e+06	2.72e+06
32768	1	1	4.4	1.17e+07	2.66e+06
65536	1	1	9.5	2.54e+07	2.68e+06
131072	1	1	22.4	5.98e+07	2.67e+06
262144	1	1	51.4	1.37e+08	2.66e+06
524288	1	1	247.2	6.58e+08	2.66e+06
1048576	1	1	772.1	2.05e+09	2.66e+06
2097152	1	1	1805.2	4.80e+09	2.66e+06
4194304	1	1	4191.5	1.12e+10	2.66e+06
8388608	1	1	9630.8	2.56e+10	2.66e+06
16777216	1	1	21832.5	5.81e+10	2.66e+06
33554432	1	1	48570.2	1.29e+11	2.66e+06
67108864	1	1	107530.6	2.86e+11	2.66e+06
Fim 1 thread
Wed Dec 11 13:23:55 BRST 2013
------------------------------------------
 
------------------------------------------
Inicio multthread V1
Thu Dec 12 14:38:10 BRST 2013
4	2	1	0.0	7.22e+04	inf
4	2	1	0.0	7.24e+04	inf
8	2	1	0.0	2.07e+05	inf
8	2	2	0.0	7.39e+04	inf
16	2	1	0.1	4.82e+05	4.82e+06
16	2	3	0.0	7.59e+04	inf
32	2	1	0.3	1.04e+06	3.48e+06
32	2	4	0.1	4.98e+05	4.98e+06
64	2	1	0.8	2.21e+06	2.76e+06
64	2	5	0.0	8.43e+04	inf
128	2	1	2.6	7.10e+06	2.73e+06
128	2	6	0.0	9.83e+04	inf
256	2	1	3.4	9.31e+06	2.74e+06
256	2	7	0.0	1.35e+05	inf
512	2	1	6.9	1.84e+07	2.67e+06
512	2	8	0.0	1.75e+05	inf
1024	2	1	13.8	3.67e+07	2.66e+06
1024	2	9	0.1	3.35e+05	3.35e+06
2048	2	1	27.7	7.39e+07	2.67e+06
2048	2	10	0.3	8.26e+05	2.75e+06
4096	2	1	56.6	1.50e+08	2.66e+06
4096	2	11	0.4	1.11e+06	2.78e+06
8192	2	1	114.4	3.04e+08	2.66e+06
8192	2	12	1.0	2.79e+06	2.79e+06
16384	2	1	224.2	5.96e+08	2.66e+06
16384	2	13	2.1	5.83e+06	2.77e+06
32768	2	1	442.6	1.18e+09	2.66e+06
32768	2	14	4.7	1.26e+07	2.69e+06
65536	2	1	890.9	2.37e+09	2.66e+06
65536	2	15	9.8	2.62e+07	2.67e+06
131072	2	1	1791.6	4.77e+09	2.66e+06
131072	2	16	21.4	5.70e+07	2.66e+06
262144	2	1	3581.0	9.53e+09	2.66e+06
262144	2	17	51.7	1.38e+08	2.66e+06
524288	2	1	7348.5	1.96e+10	2.66e+06
524288	2	18	227.7	6.06e+08	2.66e+06
1048576	2	1	14800.7	3.94e+10	2.66e+06
1048576	2	19	624.3	1.66e+09	2.66e+06
2097152	2	1	29529.1	7.86e+10	2.66e+06
2097152	2	20	1369.9	3.64e+09	2.66e+06
4194304	2	1	59399.5	1.58e+11	2.66e+06
4194304	2	21	3014.9	8.02e+09	2.66e+06
8388608	2	1	120755.4	3.21e+11	2.66e+06
8388608	2	22	8425.6	2.24e+10	2.66e+06
16777216	2	1	243301.5	6.47e+11	2.66e+06
16777216	2	23	19458.1	5.18e+10	2.66e+06
------------------------------------------

------------------------------------------
Thu Dec 12 15:19:55 BRST 2013
Inicio Cuda
512	256	256	1	32.0	8.52e+07	2.66e+06
1024	256	256	1	3.9	1.05e+07	2.69e+06
1024	512	256	1	3.8	1.03e+07	2.71e+06
2048	256	256	1	4.3	1.15e+07	2.68e+06
2048	512	256	1	4.1	1.11e+07	2.70e+06
2048	1024	256	1	4.1	1.11e+07	2.71e+06
4096	256	256	1	4.9	1.32e+07	2.69e+06
4096	512	256	1	4.8	1.29e+07	2.69e+06
4096	1024	256	1	4.7	1.26e+07	2.67e+06
4096	2048	256	1	4.5	1.21e+07	2.69e+06
8192	256	256	1	6.8	1.81e+07	2.66e+06
8192	512	256	1	6.1	1.64e+07	2.69e+06
8192	1024	256	1	5.9	1.59e+07	2.69e+06
8192	2048	256	1	5.8	1.55e+07	2.67e+06
8192	4096	256	1	5.5	1.48e+07	2.69e+06
16384	256	256	1	10.1	2.70e+07	2.68e+06
16384	512	256	1	9.0	2.42e+07	2.69e+06
16384	1024	256	1	8.6	2.29e+07	2.66e+06
16384	2048	256	1	8.2	2.20e+07	2.68e+06
16384	4096	256	1	7.9	2.11e+07	2.68e+06
32768	256	256	1	17.7	4.73e+07	2.67e+06
32768	512	256	1	15.3	4.08e+07	2.67e+06
32768	1024	256	1	14.1	3.77e+07	2.68e+06
32768	2048	256	1	13.9	3.70e+07	2.66e+06
32768	4096	256	1	13.3	3.53e+07	2.66e+06
65536	256	256	1	38.7	1.03e+08	2.66e+06
65536	512	256	1	29.5	7.87e+07	2.67e+06
65536	1024	256	1	26.5	7.04e+07	2.66e+06
65536	2048	256	1	24.5	6.54e+07	2.67e+06
65536	4096	256	1	23.8	6.33e+07	2.66e+06
131072	256	256	1	119.1	3.17e+08	2.66e+06
131072	256	256	2	46.9	1.25e+08	2.66e+06
131072	512	256	1	74.6	1.98e+08	2.66e+06
131072	1024	256	1	54.3	1.45e+08	2.66e+06
131072	2048	256	1	49.6	1.32e+08	2.66e+06
131072	4096	256	1	47.0	1.25e+08	2.66e+06
262144	256	256	1	252.7	6.72e+08	2.66e+06
262144	256	256	2	115.7	3.08e+08	2.66e+06
262144	512	256	1	241.5	6.43e+08	2.66e+06
262144	1024	256	1	149.0	3.96e+08	2.66e+06
262144	2048	256	1	113.5	3.02e+08	2.66e+06
262144	4096	256	1	105.9	2.82e+08	2.66e+06
524288	256	256	1	584.1	1.55e+09	2.66e+06
524288	256	256	2	401.0	1.07e+09	2.66e+06
524288	512	256	1	516.8	1.38e+09	2.66e+06
524288	512	256	2	329.4	8.76e+08	2.66e+06
524288	1024	256	1	512.9	1.36e+09	2.66e+06
524288	2048	256	1	351.3	9.35e+08	2.66e+06
524288	4096	256	1	301.7	8.03e+08	2.66e+06
1048576	256	256	1	1253.6	3.34e+09	2.66e+06
1048576	256	256	2	980.4	2.61e+09	2.66e+06
1048576	512	256	1	1194.3	3.18e+09	2.66e+06
1048576	512	256	2	906.5	2.41e+09	2.66e+06
1048576	1024	256	1	1099.5	2.93e+09	2.66e+06
1048576	2048	256	1	1116.5	2.97e+09	2.66e+06
1048576	4096	256	1	814.3	2.17e+09	2.66e+06
2097152	256	256	1	3000.5	7.98e+09	2.66e+06
2097152	256	256	2	2352.1	6.26e+09	2.66e+06
2097152	512	256	1	2836.6	7.55e+09	2.66e+06
2097152	512	256	2	2198.4	5.85e+09	2.66e+06
2097152	1024	256	1	2477.3	6.59e+09	2.66e+06
2097152	1024	256	2	1856.3	4.94e+09	2.66e+06
2097152	2048	256	1	2340.3	6.23e+09	2.66e+06
2097152	4096	256	1	2392.0	6.36e+09	2.66e+06
4194304	256	256	1	6364.4	1.69e+10	2.66e+06
4194304	256	256	2	5206.0	1.39e+10	2.66e+06
4194304	512	256	1	6155.8	1.64e+10	2.66e+06
4194304	512	256	2	4987.2	1.33e+10	2.66e+06
4194304	1024	256	1	5900.2	1.57e+10	2.66e+06
Erro cudaMemcpy do array 'data'
Erro cudaMalloc do array 'data'
Erro cudaMalloc do array 'data'
Erro cudaMalloc do array 'data'
Erro cudaMalloc do array 'data'
Erro cudaMalloc do array 'data'
Erro cudaMalloc do array 'data'
Erro cudaMalloc do array 'data'
Erro cudaMalloc do array 'data'
4194304	1024	256	2	723.0	1.92e+09	2.66e+06
4194304	2048	256	1	5283.3	1.41e+10	2.66e+06
4194304	4096	256	1	5027.4	1.34e+10	2.66e+06
Erro cudaMemcpy do array 'data'
Erro cudaMalloc do array 'data'
Erro cudaMalloc do array 'data'
Erro cudaMalloc do array 'data'
8388608	256	256	1	8615.9	2.29e+10	2.66e+06
Erro cudaMemcpy do array 'data'
Erro cudaMalloc do array 'data'
Erro cudaMalloc do array 'data'
Erro cudaMalloc do array 'data'
Erro cudaMalloc do array 'data'
Erro cudaMalloc do array 'data'
Erro cudaMalloc do array 'data'
Erro cudaMalloc do array 'data'
Erro cudaMalloc do array 'data'
8388608	256	256	2	1713.4	4.56e+09	2.66e+06
8388608	512	256	1	13246.9	3.52e+10	2.66e+06
8388608	512	256	2	11195.7	2.98e+10	2.66e+06
Erro cudaMemcpy do array 'data'
Erro cudaMalloc do array 'data'
Erro cudaMalloc do array 'data'
Erro cudaMalloc do array 'data'
Erro cudaMalloc do array 'data'
Erro cudaMalloc do array 'data'
Erro cudaMalloc do array 'data'
Erro cudaMalloc do array 'data'
Erro cudaMalloc do array 'data'
Erro cudaMalloc do array 'data'
8388608	1024	256	1	1167.5	3.11e+09	2.66e+06
8388608	1024	256	2	10284.8	2.74e+10	2.66e+06
8388608	2048	256	1	12491.7	3.32e+10	2.66e+06
8388608	2048	256	2	9043.0	2.41e+10	2.66e+06
8388608	4096	256	1	11325.5	3.01e+10	2.66e+06
16777216	256	256	1	28938.8	7.70e+10	2.66e+06
16777216	256	256	2	24664.0	6.56e+10	2.66e+06
16777216	512	256	1	28421.2	7.56e+10	2.66e+06
16777216	512	256	2	24480.1	6.51e+10	2.66e+06
16777216	1024	256	1	27648.9	7.36e+10	2.66e+06
16777216	1024	256	2	22976.3	6.11e+10	2.66e+06
16777216	2048	256	1	27138.8	7.22e+10	2.66e+06
16777216	2048	256	2	20823.6	5.54e+10	2.66e+06
16777216	4096	256	1	26515.5	7.05e+10	2.66e+06
512	256	512	1	3.8	1.02e+07	2.69e+06
1024	256	512	1	3.9	1.06e+07	2.71e+06
1024	512	512	1	3.9	1.04e+07	2.68e+06
2048	256	512	1	4.1	1.09e+07	2.67e+06
2048	512	512	1	4.2	1.12e+07	2.67e+06
2048	1024	512	1	4.1	1.10e+07	2.67e+06
4096	256	512	1	4.5	1.21e+07	2.69e+06
4096	512	512	1	4.7	1.28e+07	2.71e+06
4096	1024	512	1	4.6	1.24e+07	2.71e+06
4096	2048	512	1	4.5	1.21e+07	2.70e+06
8192	256	512	1	5.5	1.47e+07	2.67e+06
8192	512	512	1	6.1	1.64e+07	2.70e+06
8192	1024	512	1	5.9	1.59e+07	2.70e+06
8192	2048	512	1	5.7	1.53e+07	2.69e+06
8192	4096	512	1	5.6	1.50e+07	2.68e+06
16384	256	512	1	7.3	1.94e+07	2.65e+06
16384	512	512	1	9.1	2.42e+07	2.66e+06
16384	1024	512	1	8.5	2.28e+07	2.68e+06
16384	2048	512	1	8.2	2.20e+07	2.68e+06
16384	4096	512	1	7.9	2.13e+07	2.69e+06
32768	256	512	1	10.9	2.91e+07	2.67e+06
32768	512	512	1	15.3	4.10e+07	2.68e+06
32768	1024	512	1	14.1	3.77e+07	2.67e+06
32768	2048	512	1	13.5	3.58e+07	2.65e+06
32768	4096	512	1	13.0	3.47e+07	2.67e+06
65536	256	512	1	18.0	4.81e+07	2.67e+06
65536	512	512	1	29.6	7.89e+07	2.67e+06
65536	1024	512	1	27.3	7.25e+07	2.65e+06
65536	2048	512	1	24.7	6.59e+07	2.67e+06
65536	4096	512	1	23.6	6.30e+07	2.67e+06
131072	256	512	1	32.7	8.71e+07	2.66e+06
131072	256	512	2	36.9	9.80e+07	2.66e+06
131072	512	512	1	74.6	1.98e+08	2.66e+06
131072	1024	512	1	54.4	1.45e+08	2.66e+06
131072	2048	512	1	49.5	1.32e+08	2.66e+06
131072	4096	512	1	46.9	1.25e+08	2.66e+06
262144	256	512	1	65.0	1.73e+08	2.66e+06
262144	256	512	2	81.5	2.17e+08	2.66e+06
262144	512	512	1	241.8	6.44e+08	2.66e+06
262144	1024	512	1	149.3	3.97e+08	2.66e+06
262144	2048	512	1	114.2	3.04e+08	2.66e+06
262144	4096	512	1	105.0	2.79e+08	2.66e+06
524288	256	512	1	136.3	3.63e+08	2.66e+06
524288	256	512	2	282.1	7.50e+08	2.66e+06
524288	512	512	1	516.2	1.37e+09	2.66e+06
524288	512	512	2	335.4	8.92e+08	2.66e+06
524288	1024	512	1	508.9	1.35e+09	2.66e+06
524288	2048	512	1	351.1	9.34e+08	2.66e+06
524288	4096	512	1	302.4	8.05e+08	2.66e+06
1048576	256	512	1	294.5	7.83e+08	2.66e+06
1048576	256	512	2	697.5	1.86e+09	2.66e+06
1048576	512	512	1	1192.5	3.17e+09	2.66e+06
1048576	512	512	2	905.4	2.41e+09	2.66e+06
1048576	1024	512	1	1095.0	2.91e+09	2.66e+06
1048576	2048	512	1	1115.4	2.97e+09	2.66e+06
1048576	4096	512	1	813.6	2.16e+09	2.66e+06
2097152	256	512	1	597.0	1.59e+09	2.66e+06
2097152	256	512	2	1482.8	3.94e+09	2.66e+06
2097152	512	512	1	2839.4	7.55e+09	2.66e+06
2097152	512	512	2	2193.6	5.84e+09	2.66e+06
2097152	1024	512	1	2476.8	6.59e+09	2.66e+06
2097152	1024	512	2	1852.3	4.93e+09	2.66e+06
2097152	2048	512	1	2338.0	6.22e+09	2.66e+06
2097152	4096	512	1	2390.2	6.36e+09	2.66e+06
4194304	256	512	1	1204.8	3.21e+09	2.66e+06
4194304	256	512	2	3102.8	8.26e+09	2.66e+06
4194304	512	512	1	6126.1	1.63e+10	2.66e+06
4194304	512	512	2	4964.1	1.32e+10	2.66e+06
4194304	1024	512	1	5865.4	1.56e+10	2.66e+06
4194304	1024	512	2	4424.7	1.18e+10	2.66e+06
4194304	2048	512	1	5263.2	1.40e+10	2.66e+06
4194304	4096	512	1	4999.7	1.33e+10	2.66e+06
8388608	256	512	1	2492.4	6.63e+09	2.66e+06
8388608	256	512	2	6597.2	1.76e+10	2.66e+06
8388608	512	512	1	13208.0	3.51e+10	2.66e+06
8388608	512	512	2	11237.4	2.99e+10	2.66e+06
8388608	1024	512	1	12832.5	3.41e+10	2.66e+06
8388608	1024	512	2	10294.0	2.74e+10	2.66e+06
8388608	2048	512	1	12493.0	3.32e+10	2.66e+06
8388608	2048	512	2	9009.1	2.40e+10	2.66e+06
8388608	4096	512	1	11323.5	3.01e+10	2.66e+06
16777216	256	512	1	5465.4	1.45e+10	2.66e+06
16777216	256	512	2	13585.8	3.61e+10	2.66e+06
16777216	512	512	1	28442.1	7.57e+10	2.66e+06
16777216	512	512	2	24489.0	6.52e+10	2.66e+06
16777216	1024	512	1	27629.5	7.35e+10	2.66e+06
16777216	1024	512	2	23029.2	6.13e+10	2.66e+06
16777216	2048	512	1	27128.9	7.22e+10	2.66e+06
16777216	2048	512	2	20894.8	5.56e+10	2.66e+06
16777216	4096	512	1	26523.9	7.06e+10	2.66e+06
Fim Inicio Cuda
Thu Dec 12 17:21:44 BRST 2013
------------------------------------------
 
------------------------------------------
Thu Dec 12 17:21:44 BRST 2013
Inicio multthread V2
4	2	1	0.0	9.22e+04	inf
4	2	1	0.0	9.31e+04	inf
8	2	1	0.0	1.17e+05	inf
8	2	2	0.0	1.16e+05	inf
16	2	1	0.0	1.64e+05	inf
16	2	3	0.0	1.61e+05	inf
32	2	1	0.0	2.47e+05	inf
32	2	4	0.0	2.48e+05	inf
64	2	1	0.1	4.09e+05	4.09e+06
64	2	5	0.1	4.09e+05	4.09e+06
128	2	1	0.2	7.45e+05	3.73e+06
128	2	6	0.2	7.33e+05	3.66e+06
256	2	1	0.5	1.44e+06	2.88e+06
256	2	7	0.5	1.40e+06	2.79e+06
512	2	1	1.0	2.72e+06	2.72e+06
512	2	8	1.0	2.72e+06	2.72e+06
1024	2	1	2.0	5.40e+06	2.70e+06
1024	2	9	2.0	5.40e+06	2.70e+06
2048	2	1	4.0	1.08e+07	2.69e+06
2048	2	10	4.0	1.08e+07	2.70e+06
4096	2	1	8.0	2.14e+07	2.67e+06
4096	2	11	8.1	2.16e+07	2.67e+06
8192	2	1	16.2	4.33e+07	2.68e+06
8192	2	12	16.3	4.36e+07	2.68e+06
16384	2	1	32.3	8.61e+07	2.66e+06
16384	2	13	32.9	8.74e+07	2.66e+06
32768	2	1	65.1	1.73e+08	2.66e+06
32768	2	14	65.5	1.74e+08	2.66e+06
65536	2	1	130.6	3.47e+08	2.66e+06
65536	2	15	131.2	3.49e+08	2.66e+06
131072	2	1	261.8	6.96e+08	2.66e+06
131072	2	16	261.9	6.97e+08	2.66e+06
262144	2	1	526.3	1.40e+09	2.66e+06
262144	2	17	543.8	1.45e+09	2.66e+06
524288	2	1	1195.0	3.18e+09	2.66e+06
524288	2	18	1191.6	3.17e+09	2.66e+06
1048576	2	1	2545.0	6.77e+09	2.66e+06
1048576	2	19	2548.8	6.78e+09	2.66e+06
2097152	2	1	5235.7	1.39e+10	2.66e+06
2097152	2	20	5325.5	1.42e+10	2.66e+06
4194304	2	1	10805.6	2.87e+10	2.66e+06
4194304	2	21	11028.6	2.93e+10	2.66e+06
8388608	2	1	22288.7	5.93e+10	2.66e+06
8388608	2	22	22443.3	5.97e+10	2.66e+06
16777216	2	1	45819.2	1.22e+11	2.66e+06
16777216	2	23	46261.5	1.23e+11	2.66e+06
4	4	1	0.0	1.84e+05	inf
4	4	1	0.0	1.85e+05	inf
8	4	1	0.0	2.49e+05	inf
8	4	2	0.0	2.45e+05	inf
16	4	1	0.1	3.91e+05	3.91e+06
16	4	3	0.1	3.69e+05	3.69e+06
32	4	1	0.2	6.52e+05	3.26e+06
32	4	4	0.2	6.40e+05	3.20e+06
64	4	1	0.4	1.16e+06	2.91e+06
64	4	5	0.4	1.11e+06	2.76e+06
128	4	1	0.8	2.14e+06	2.68e+06
128	4	6	0.7	2.00e+06	2.86e+06
256	4	1	1.4	3.96e+06	2.83e+06
256	4	7	1.4	3.90e+06	2.79e+06
512	4	1	2.9	7.72e+06	2.66e+06
512	4	8	2.8	7.71e+06	2.75e+06
1024	4	1	5.8	1.56e+07	2.68e+06
1024	4	9	5.8	1.52e+07	2.63e+06
2048	4	1	11.8	3.15e+07	2.67e+06
2048	4	10	11.2	3.01e+07	2.68e+06
4096	4	1	22.0	5.86e+07	2.66e+06
4096	4	11	22.2	5.93e+07	2.67e+06
8192	4	1	44.5	1.18e+08	2.66e+06
8192	4	12	44.5	1.19e+08	2.67e+06
16384	4	1	88.1	2.34e+08	2.66e+06
16384	4	13	89.5	2.38e+08	2.66e+06
32768	4	1	176.0	4.68e+08	2.66e+06
32768	4	14	173.8	4.62e+08	2.66e+06
65536	4	1	352.5	9.38e+08	2.66e+06
65536	4	15	353.0	9.39e+08	2.66e+06
131072	4	1	711.1	1.89e+09	2.66e+06
131072	4	16	712.2	1.90e+09	2.66e+06
262144	4	1	1450.7	3.86e+09	2.66e+06
262144	4	17	1416.0	3.77e+09	2.66e+06
524288	4	1	2987.1	7.95e+09	2.66e+06
524288	4	18	2912.1	7.75e+09	2.66e+06
1048576	4	1	6154.5	1.64e+10	2.66e+06
1048576	4	19	6121.1	1.63e+10	2.66e+06
2097152	4	1	12468.7	3.32e+10	2.66e+06
2097152	4	20	12411.5	3.30e+10	2.66e+06
4194304	4	1	25425.5	6.76e+10	2.66e+06
4194304	4	21	24299.0	6.46e+10	2.66e+06
8388608	4	1	51985.4	1.38e+11	2.66e+06
8388608	4	22	50671.9	1.35e+11	2.66e+06
16777216	4	1	104807.5	2.79e+11	2.66e+06
16777216	4	23	103462.2	2.75e+11	2.66e+06
Fim multthread V2
Thu Dec 12 19:09:33 BRST 2013
------------------------------------------
 
------------------------------------------
Inicio multthread V1
Fri Dec 13 10:15:57 BRST 2013
4	4	1	0.0	1.50e+03	inf
4	4	1	0.0	1.49e+03	inf
8	4	1	0.0	1.31e+05	inf
8	4	2	0.0	2.44e+03	inf
16	4	1	0.1	3.93e+05	3.93e+06
16	4	3	0.0	4.58e+03	inf
32	4	1	0.3	9.69e+05	3.23e+06
32	4	4	0.0	8.50e+03	inf
64	4	1	0.7	1.91e+06	2.73e+06
64	4	5	0.0	1.62e+04	inf
128	4	1	1.5	4.13e+06	2.75e+06
128	4	6	0.0	2.76e+04	inf
256	4	1	3.2	8.72e+06	2.73e+06
256	4	7	0.0	5.34e+04	inf
512	4	1	6.4	1.73e+07	2.70e+06
512	4	8	0.0	1.05e+05	inf
1024	4	1	13.0	3.46e+07	2.66e+06
1024	4	9	0.1	2.67e+05	2.67e+06
2048	4	1	26.3	7.01e+07	2.66e+06
2048	4	10	0.1	4.76e+05	4.76e+06
4096	4	1	53.1	1.41e+08	2.66e+06
4096	4	11	0.5	1.44e+06	2.88e+06
8192	4	1	105.8	2.81e+08	2.66e+06
8192	4	12	1.0	2.76e+06	2.76e+06
16384	4	1	211.2	5.62e+08	2.66e+06
16384	4	13	2.1	5.79e+06	2.76e+06
32768	4	1	422.6	1.12e+09	2.66e+06
32768	4	14	4.6	1.24e+07	2.70e+06
65536	4	1	847.0	2.25e+09	2.66e+06
65536	4	15	9.8	2.62e+07	2.67e+06
131072	4	1	1690.2	4.50e+09	2.66e+06
131072	4	16	13318.3	3.54e+10	2.66e+06
262144	4	1	3372.9	8.97e+09	2.66e+06
262144	4	17	26652.2	7.09e+10	2.66e+06
524288	4	1	6948.0	1.85e+10	2.66e+06
524288	4	18	53789.7	1.43e+11	2.66e+06
1048576	4	1	13994.9	3.72e+10	2.66e+06
1048576	4	19	107819.4	2.87e+11	2.66e+06
2097152	4	1	28277.5	7.52e+10	2.66e+06
2097152	4	20	213844.3	5.69e+11	2.66e+06
4194304	4	1	57232.4	1.52e+11	2.66e+06
------------------------------------------

------------------------------------------
Inicio multthread V1
Fri Dec 13 13:15:11 BRST 2013
4194304	4	21	437592.1	1.16e+12	2.66e+06
8388608	4	1	114946.6	3.06e+11	2.66e+06
8388608	4	22	859284.8	2.29e+12	2.66e+06
16777216	4	1	227728.4	6.06e+11	2.66e+06
16777216	4	23	1712046.1	4.55e+12	2.66e+06
Fim multthread V1
Fri Dec 13 23:29:43 BRST 2013
------------------------------------------
 
