64 64
140.6 72.9 3.7 42.1 62.3 95.9 102.0 59.0 3.9 71.1 24.7 103.3 86.1 102.4 125.4 27.3 21.4 10.0 105.9 27.9 126.9 65.3 18.7 46.3 98.1 25.7 36.4 122.1 109.4 60.4 81.3 14.6 40.7 135.3 56.9 103.0 88.4 66.3 69.4 92.3 137.4 1.6 103.0 80.7 104.0 85.7 15.4 32.9 95.7 121.3 60.7 79.7 43.7 79.4 126.1 49.3 12.7 70.0 28.6 122.1 37.9 17.4 136.9 78.6 
9.9 101.1 89.0 5.7 24.6 65.9 5.4 19.1 67.4 108.6 99.9 78.9 51.4 115.3 111.7 4.3 1.3 79.9 134.4 95.3 66.7 117.7 52.1 129.7 95.1 80.7 109.1 40.4 5.6 10.6 119.0 15.6 111.7 115.4 21.3 43.7 88.7 26.9 62.9 13.3 42.9 19.9 142.4 94.3 42.6 111.3 98.6 94.1 98.6 90.1 46.7 22.4 115.3 98.9 9.4 117.9 87.0 26.0 15.4 92.7 86.9 41.9 15.7 106.0 
64.7 87.3 6.9 10.6 21.6 120.0 74.1 64.4 139.9 73.7 15.9 89.9 92.4 22.0 91.6 48.1 19.6 138.3 121.0 42.4 1.7 37.9 17.4 139.0 114.1 83.3 139.1 108.4 32.6 12.0 121.9 97.4 99.4 36.1 108.0 28.4 13.3 89.7 93.0 60.6 20.6 16.3 57.9 20.6 38.3 6.6 119.0 58.0 52.3 97.1 100.4 54.0 42.4 25.3 100.6 64.0 108.6 96.9 29.6 141.3 16.4 58.9 3.3 23.3 
95.0 18.7 51.7 15.7 108.4 1.9 76.3 36.6 18.3 134.3 57.1 106.9 48.3 83.6 22.0 100.7 38.0 29.9 62.1 130.7 55.3 19.9 52.0 71.3 24.3 81.6 120.0 40.7 140.6 123.3 64.0 0.1 49.6 115.7 16.0 15.1 25.1 142.6 102.0 93.7 41.4 66.6 57.7 89.9 7.4 130.1 47.7 95.7 17.1 109.9 83.6 122.7 129.9 135.6 51.3 61.6 124.7 28.4 102.3 29.9 59.3 23.4 30.0 108.9 
46.6 96.3 31.4 122.0 96.1 133.6 72.9 45.0 107.6 38.1 134.9 115.0 25.4 39.7 67.9 92.9 57.1 8.7 72.9 94.4 51.7 31.6 13.1 33.6 110.3 115.4 113.7 26.7 46.3 1.0 43.0 0.3 4.7 74.6 122.4 8.3 115.6 102.7 53.4 80.3 48.3 45.4 52.6 73.7 135.6 27.9 74.1 100.1 86.9 4.1 51.7 138.7 86.0 115.1 79.7 53.4 138.0 50.7 130.6 41.4 102.0 30.7 92.0 106.7 
12.7 71.6 22.6 35.7 81.9 76.0 116.1 130.1 28.9 76.1 111.4 71.9 11.4 42.7 79.4 98.4 97.1 38.6 1.7 40.3 10.9 81.4 93.7 6.0 39.6 81.4 97.7 141.6 19.7 47.0 13.0 32.4 26.0 35.6 68.3 107.9 19.0 91.9 2.7 98.1 75.4 114.1 27.3 86.9 14.0 14.1 42.4 111.1 52.9 44.1 8.6 63.7 33.1 102.3 120.1 72.7 91.3 75.0 121.9 111.0 29.4 42.3 0.6 55.6 
77.9 119.1 70.9 4.3 68.1 73.6 102.4 0.7 95.1 37.1 138.0 109.1 51.4 37.6 127.7 11.7 132.1 136.3 75.4 72.7 3.3 52.7 52.9 94.6 35.3 31.9 62.7 64.7 74.1 113.6 27.7 59.4 140.3 6.1 114.0 65.6 130.0 124.0 116.7 82.4 18.3 19.3 48.7 120.0 56.9 84.0 131.7 96.4 77.4 114.7 76.6 131.0 74.9 129.6 82.7 110.1 68.9 52.9 82.4 50.6 74.0 17.6 110.0 71.4 
74.0 131.6 44.4 61.3 112.7 68.6 51.1 38.4 87.9 7.3 66.0 52.3 91.3 105.1 56.1 26.0 77.0 132.9 64.4 9.1 27.0 4.4 26.7 95.9 107.6 16.6 3.6 89.0 34.3 21.1 17.6 15.7 9.9 112.4 77.0 30.0 38.1 128.1 68.4 126.1 43.0 134.4 85.9 134.3 96.9 142.0 67.7 81.3 39.4 132.3 140.7 66.4 44.1 24.7 69.9 8.9 41.3 123.7 98.0 125.9 2.0 23.0 49.1 62.1 
135.4 126.1 92.1 30.9 19.0 68.1 64.4 62.0 59.7 57.7 103.7 64.0 107.1 28.7 52.9 3.9 18.1 50.7 120.6 62.3 75.4 47.6 121.4 24.3 28.6 76.6 57.6 80.9 99.7 106.7 50.6 142.6 140.4 50.1 80.9 66.9 118.3 52.7 36.3 85.6 110.4 140.0 57.0 74.9 76.1 109.9 78.7 94.3 17.9 106.7 13.7 0.7 11.6 42.7 75.3 90.4 119.3 40.4 78.7 126.4 54.6 36.7 33.7 102.4 
87.0 114.6 76.7 112.7 24.6 113.0 105.7 135.0 17.7 70.3 117.3 93.9 87.6 103.4 95.7 12.9 67.4 16.9 13.7 129.3 59.6 139.3 127.1 86.4 87.1 63.0 70.0 141.9 7.3 11.1 101.4 94.3 125.9 35.4 114.4 57.9 55.9 127.7 50.0 123.9 55.1 74.9 125.3 50.1 35.4 78.1 63.1 10.3 95.0 127.1 139.6 62.1 123.6 31.3 5.7 68.0 1.9 126.0 117.3 9.1 137.3 126.1 10.9 27.7 
69.0 125.3 85.6 32.4 17.6 43.0 13.4 123.0 117.9 138.7 30.4 60.9 124.3 93.6 71.1 126.9 77.9 118.3 46.1 108.9 6.7 51.9 84.3 8.6 85.3 58.7 68.0 79.7 42.1 78.9 107.4 18.6 111.7 100.4 51.0 129.3 0.7 64.6 17.0 118.6 110.7 47.4 36.6 92.3 48.4 15.3 76.3 33.7 41.0 29.9 142.6 98.0 132.0 84.1 14.1 74.4 50.3 82.1 61.7 142.7 18.3 76.6 18.6 37.4 
34.3 69.6 23.9 35.0 41.6 91.1 10.7 9.6 138.6 97.7 9.3 44.1 20.4 85.6 77.9 61.4 22.9 128.0 16.6 12.0 119.6 30.7 86.4 27.0 113.0 5.3 27.0 38.7 132.3 45.6 76.1 23.7 22.6 7.4 58.7 64.3 98.7 119.7 124.1 1.9 124.9 133.4 46.1 2.4 76.1 31.4 63.9 99.0 66.9 130.9 18.4 43.6 18.7 104.9 70.7 39.1 17.7 5.1 128.1 7.1 101.0 61.4 81.1 123.6 
69.0 139.9 95.3 75.1 24.1 76.6 77.0 6.3 67.1 30.6 8.7 50.7 112.4 123.0 57.1 36.4 111.0 75.6 80.1 37.1 88.0 58.3 126.7 13.1 113.7 112.0 70.6 71.9 81.0 8.9 102.9 57.4 5.9 105.7 132.6 80.3 39.4 66.7 86.6 14.1 4.9 2.9 64.9 117.3 125.9 29.6 10.9 1.4 12.6 141.3 38.6 100.6 107.0 72.7 113.7 77.9 42.0 41.4 57.1 123.0 100.6 17.3 37.6 106.4 
123.0 77.6 94.3 69.9 1.4 38.0 84.0 56.6 40.9 56.4 31.0 74.1 136.3 92.3 75.6 6.0 141.0 21.7 14.1 105.3 94.4 35.3 90.6 43.9 76.9 5.0 74.3 34.6 22.3 111.9 48.6 52.7 46.6 0.0 122.6 98.4 88.3 114.1 62.4 36.7 78.0 93.6 110.9 71.4 43.0 43.7 127.7 41.1 115.7 141.9 53.9 117.6 34.4 1.7 18.7 18.7 6.7 93.0 103.6 79.3 112.4 59.6 132.0 66.4 
109.9 19.1 72.3 55.4 40.7 134.9 92.1 118.7 85.6 60.1 97.6 36.0 11.3 82.6 127.4 34.4 131.9 38.6 9.3 23.4 90.6 28.0 42.1 97.3 28.4 53.3 33.7 140.9 112.9 73.1 64.6 80.0 142.6 44.3 135.4 40.6 36.3 135.0 66.7 29.3 102.6 71.9 65.3 21.4 11.6 100.3 55.9 0.6 46.3 65.1 74.4 136.9 0.6 24.0 141.6 29.1 77.3 82.7 77.4 47.4 13.0 49.4 34.9 63.0 
93.9 77.7 103.6 130.1 69.9 77.9 16.7 79.9 6.9 132.3 101.3 68.7 140.0 64.7 119.6 43.4 129.9 51.1 37.4 38.0 75.3 36.1 117.4 60.0 26.3 52.0 14.9 39.3 101.6 49.7 102.4 52.6 127.4 113.4 90.1 104.7 98.7 106.9 41.9 105.6 3.9 50.6 81.7 1.0 115.3 58.6 94.9 9.9 109.7 39.7 98.1 92.4 126.3 72.7 9.7 9.7 124.7 24.6 49.1 133.7 124.7 59.0 43.4 109.3 
79.9 133.7 121.6 86.1 5.1 20.6 48.9 59.3 121.4 130.7 110.7 1.4 96.7 62.7 61.6 63.6 102.4 16.9 13.3 85.9 89.6 73.3 95.7 121.7 5.3 52.3 112.7 130.0 18.7 13.3 4.0 6.0 54.4 125.6 92.1 110.0 53.6 48.6 26.4 32.1 86.7 137.1 33.6 40.6 57.0 95.1 104.1 67.0 19.4 24.9 60.3 109.0 5.6 13.1 88.0 11.0 115.7 108.1 48.4 134.4 28.9 52.4 48.0 133.7 
35.1 140.1 100.9 88.7 45.9 127.3 28.4 132.6 29.1 62.0 30.3 136.4 64.7 42.0 60.6 84.1 117.1 121.0 100.7 122.9 41.6 96.1 41.3 14.6 61.4 89.7 56.4 140.6 142.3 104.4 131.4 84.9 9.3 89.4 81.1 55.1 124.3 109.6 95.3 10.6 79.0 125.6 4.1 0.9 75.0 64.9 135.4 49.4 93.3 0.7 29.4 134.9 96.9 70.7 56.9 65.7 67.9 113.4 63.4 67.3 125.3 52.1 59.7 134.6 
141.6 140.9 97.3 123.0 107.6 49.7 41.0 43.7 32.4 45.3 95.0 15.0 17.6 137.9 64.4 110.9 138.6 93.9 10.3 92.6 72.0 117.6 65.7 139.9 138.4 129.1 114.7 120.9 38.4 31.6 20.1 87.6 29.6 117.4 118.0 137.1 24.3 16.3 88.3 107.0 61.6 90.7 122.0 129.4 85.7 43.6 4.9 81.4 44.9 65.4 81.4 116.9 40.1 4.3 21.4 35.7 41.0 136.1 13.9 79.4 24.9 84.3 24.1 54.4 
58.9 49.7 99.0 133.4 66.0 94.7 5.0 35.0 42.7 127.1 21.6 35.9 78.1 26.4 117.4 123.1 142.1 106.3 4.6 39.6 18.1 26.0 75.3 59.1 19.3 139.4 46.0 94.4 80.9 120.6 56.3 47.1 27.4 62.7 37.7 93.4 14.7 93.1 35.9 107.7 77.4 57.4 0.7 63.0 134.1 25.6 93.6 133.4 132.0 5.7 30.1 57.6 31.7 13.0 24.1 101.4 9.6 70.1 103.3 140.9 47.9 16.9 45.1 125.6 
129.9 133.3 76.1 1.7 83.6 19.4 109.4 68.4 76.9 17.7 38.9 118.4 43.3 132.6 16.6 82.7 138.3 97.0 140.3 77.4 110.0 21.6 86.3 27.1 142.1 46.9 25.1 97.4 114.0 120.6 80.3 101.0 18.4 63.9 10.3 9.4 83.4 27.1 128.1 67.7 44.9 24.3 43.4 88.3 14.0 110.3 78.4 59.7 64.4 76.0 44.6 82.0 5.0 131.0 109.1 54.6 85.3 41.7 9.3 106.7 69.7 89.6 64.9 88.3 
10.6 125.4 97.7 94.0 9.9 133.4 19.0 54.7 14.9 112.7 50.4 79.1 80.1 129.0 138.9 1.7 112.4 40.6 83.7 24.9 79.0 100.3 79.6 71.7 142.0 88.9 35.6 119.3 35.6 100.6 64.7 96.4 133.4 69.9 47.7 0.4 60.4 117.0 105.6 75.3 86.9 13.1 61.9 74.4 49.6 57.9 126.4 69.4 6.0 117.7 94.4 135.3 75.1 31.1 64.3 124.7 27.4 99.9 101.1 113.3 107.9 73.3 66.9 98.6 
0.3 114.6 6.4 111.1 139.0 112.0 93.9 133.3 32.7 13.0 64.9 132.6 121.1 48.6 59.3 34.6 23.4 61.1 27.1 6.0 142.6 141.7 130.7 27.1 98.7 139.3 140.4 114.1 69.7 64.4 120.1 120.4 86.6 126.6 139.0 82.7 95.9 90.0 73.3 36.0 10.4 45.6 25.7 39.1 1.6 85.0 73.7 25.0 53.6 100.9 81.4 53.3 99.7 119.6 80.4 106.0 116.1 78.0 127.6 93.3 50.0 104.9 70.9 44.0 
138.9 117.3 126.7 91.9 114.9 107.4 35.3 125.3 60.6 61.1 21.6 62.1 53.6 2.9 137.6 107.3 103.7 76.1 17.7 111.0 52.9 5.7 124.4 26.1 134.0 109.1 119.6 41.1 121.4 97.9 85.1 117.4 72.4 119.4 66.6 94.7 134.3 9.3 77.1 52.0 70.4 6.3 114.3 31.6 9.1 109.0 138.9 20.3 42.3 64.0 38.7 95.1 69.7 20.3 28.9 61.0 129.4 55.9 102.1 108.0 61.1 94.9 82.7 41.0 
71.4 56.7 135.7 62.9 66.0 120.4 22.4 44.0 126.7 136.7 75.6 43.3 102.9 71.6 113.9 52.6 43.0 9.9 4.9 112.9 30.1 84.0 31.0 67.1 47.3 40.6 32.3 108.6 42.9 22.4 6.7 21.7 129.4 50.0 135.0 52.7 27.6 14.6 96.7 61.7 8.4 79.7 105.0 18.7 58.7 126.3 71.3 101.7 136.1 126.4 71.7 23.6 118.0 10.1 90.7 22.4 101.1 30.4 131.0 51.4 103.3 45.3 73.3 89.9 
95.3 65.4 142.6 122.9 80.0 3.9 41.7 138.7 133.9 54.1 64.9 49.7 37.6 136.1 8.7 81.3 27.1 130.7 104.9 2.3 48.4 103.0 24.9 57.0 40.9 63.3 108.4 1.3 108.6 38.9 91.3 61.0 11.7 141.3 41.0 142.0 52.7 133.0 45.3 43.7 44.3 110.1 93.6 132.3 10.9 9.7 70.7 38.1 47.9 83.0 40.4 3.7 93.4 115.6 60.7 134.3 36.1 76.7 135.7 1.9 115.6 134.4 63.0 34.9 
40.3 11.4 34.0 93.0 1.7 79.4 44.3 96.3 46.7 45.3 136.0 57.7 55.0 63.9 3.3 10.3 54.3 94.0 64.4 4.9 66.9 32.6 139.3 10.4 109.3 39.6 12.3 132.4 81.4 125.6 24.4 121.7 44.6 58.4 72.0 96.6 45.3 116.3 50.0 142.4 69.0 93.6 107.6 124.0 14.6 110.9 41.7 119.3 62.0 106.1 124.1 36.3 138.9 28.0 46.7 12.7 117.9 109.4 2.3 56.4 142.4 26.7 85.7 44.1 
135.6 65.1 140.7 88.3 88.9 98.3 87.9 15.0 49.0 52.6 139.0 113.9 20.6 88.1 90.3 133.0 101.9 122.0 26.4 97.9 57.4 123.6 110.6 32.6 90.1 20.4 139.3 89.7 47.1 82.1 41.4 90.1 4.4 39.3 35.7 93.3 137.6 31.0 108.3 94.0 83.7 11.9 65.1 11.7 7.6 62.9 1.9 109.4 92.3 28.4 114.7 7.0 9.1 132.7 39.6 6.7 10.3 86.3 3.9 107.9 25.7 45.3 105.4 80.4 
84.7 141.1 81.3 129.7 79.7 46.7 131.3 20.6 109.0 103.9 32.3 116.6 23.9 34.3 83.1 116.3 113.0 55.0 123.3 29.6 95.1 70.3 86.6 105.6 13.7 90.4 120.9 89.7 135.9 83.4 77.7 128.0 132.1 16.1 22.3 69.0 113.1 61.0 89.6 79.3 22.0 29.3 53.0 46.0 113.9 43.6 69.7 84.0 6.0 100.4 21.0 101.3 27.9 107.6 114.3 91.9 105.6 92.3 89.1 6.0 32.9 24.0 41.4 22.1 
90.4 63.7 91.1 60.7 32.3 37.9 140.1 54.3 67.3 100.6 7.7 38.3 1.4 77.4 29.9 57.7 35.0 101.1 66.4 113.1 116.3 37.9 112.6 79.0 130.1 58.9 135.3 20.3 133.1 33.9 92.7 80.7 5.0 41.1 141.4 37.3 129.3 46.1 91.7 104.0 4.0 99.4 49.9 55.7 84.4 130.0 20.9 119.4 88.3 87.4 140.1 61.7 125.3 109.9 48.1 20.1 76.1 90.9 40.4 116.7 124.7 40.6 104.9 129.9 
81.7 10.9 74.6 118.6 57.1 23.4 79.7 111.4 30.4 129.6 74.6 114.9 116.7 95.4 141.7 112.6 90.3 139.0 81.7 72.9 13.4 37.4 93.0 139.9 128.3 40.9 113.7 110.3 81.4 75.7 4.7 70.7 86.7 129.6 46.4 51.3 10.3 126.1 19.9 91.0 20.4 94.4 113.3 44.6 97.3 19.6 64.6 44.9 66.1 3.6 25.1 79.6 41.0 25.6 76.7 76.7 66.4 97.9 94.4 55.3 30.9 99.1 33.4 25.0 
86.0 79.9 76.3 3.7 113.6 96.1 2.1 41.4 98.0 22.9 136.3 102.7 42.4 58.1 55.0 108.6 61.7 80.1 45.4 10.1 105.7 29.6 86.9 79.6 127.4 38.6 42.4 65.7 45.1 75.9 90.7 38.6 63.3 24.1 92.6 84.3 27.7 2.1 33.1 125.7 25.0 26.6 136.0 67.6 84.7 48.1 33.3 53.9 128.4 129.0 114.3 141.6 15.7 58.4 128.7 50.7 4.4 28.3 116.4 99.9 11.6 64.4 138.6 125.1 
88.6 138.6 116.9 116.4 140.9 7.1 6.7 73.3 33.9 50.1 140.9 26.0 98.4 31.4 130.3 134.3 17.6 101.7 40.4 83.7 67.6 26.3 134.4 122.3 104.9 108.0 79.4 116.6 29.6 125.4 6.3 25.7 28.6 123.3 49.6 76.9 130.4 106.6 7.4 71.7 14.0 5.4 5.3 112.4 87.1 135.6 103.9 12.3 1.9 51.7 96.0 119.9 78.1 87.6 99.3 40.1 103.0 86.1 64.1 40.1 119.0 70.6 116.1 4.9 
51.0 22.9 81.7 88.9 129.4 89.1 17.9 0.6 2.1 23.1 20.4 89.3 66.1 31.7 101.6 118.3 83.6 54.7 95.3 18.9 49.7 102.1 109.3 60.3 45.4 30.7 100.4 72.0 8.7 124.0 76.9 59.7 4.0 66.0 5.7 40.9 12.4 73.9 41.6 14.6 4.4 62.0 103.9 70.6 93.9 113.0 46.1 84.9 24.9 48.9 103.7 125.0 58.4 120.4 92.7 104.0 8.3 100.6 33.1 17.0 81.7 17.4 127.0 85.7 
83.4 40.3 126.6 3.3 21.6 75.6 17.9 26.1 45.1 29.3 4.1 46.4 142.3 100.6 131.3 74.6 6.7 92.1 107.0 65.1 69.7 56.9 76.6 128.4 14.6 17.1 52.9 96.3 84.9 87.4 89.4 25.6 35.1 73.3 28.9 56.7 56.3 97.1 133.1 101.4 126.4 137.4 5.0 33.3 95.1 136.3 107.9 9.3 135.9 122.4 124.9 113.1 36.4 108.9 98.7 51.1 33.6 59.0 54.9 118.4 3.6 1.6 1.1 89.0 
125.1 80.4 3.0 38.6 34.7 136.1 140.1 68.6 38.1 2.3 9.3 133.4 138.7 24.6 50.1 39.1 4.1 32.1 9.4 40.7 48.6 108.1 142.1 82.1 74.7 104.4 57.7 78.3 106.0 109.3 24.6 88.3 46.9 77.9 127.0 131.9 121.4 31.7 107.9 16.9 84.3 117.1 57.7 130.4 141.7 107.9 26.9 53.4 47.6 36.3 1.6 96.1 52.0 0.9 35.4 126.7 105.3 0.6 112.4 118.9 109.9 44.4 114.6 64.1 
122.3 98.7 103.4 101.0 37.9 118.7 25.3 122.3 0.4 83.0 109.9 142.3 48.0 136.7 103.1 3.0 80.6 104.7 6.6 132.6 13.0 92.3 116.4 118.3 93.0 136.3 1.7 110.3 38.0 116.4 82.0 17.4 122.6 42.6 25.9 17.7 18.6 51.1 140.0 19.0 41.6 14.4 68.7 89.7 58.7 79.3 0.1 139.3 41.1 6.9 129.0 54.1 99.1 10.0 80.0 99.6 3.4 81.7 67.1 41.4 55.3 6.3 109.3 35.1 
99.1 135.1 103.1 25.1 93.9 7.7 94.6 135.4 22.1 20.4 132.6 131.1 7.3 132.9 127.6 48.4 47.1 113.7 102.7 3.4 123.7 39.9 103.1 127.3 29.0 77.7 76.1 134.7 84.0 42.6 77.3 40.3 35.0 37.6 65.6 36.3 95.6 17.3 28.9 25.1 88.0 69.0 13.6 95.3 59.0 141.1 51.3 13.6 112.1 11.1 17.0 0.4 101.3 27.6 35.1 37.7 12.7 111.4 29.6 96.7 11.1 106.9 44.6 96.4 
1.6 17.6 40.1 4.6 85.1 69.1 29.9 80.6 45.6 43.4 83.4 104.6 41.7 134.7 25.6 61.3 53.3 42.6 61.9 62.0 120.6 4.4 99.7 133.3 115.9 129.4 137.6 34.6 0.9 89.6 131.0 2.6 107.1 28.4 57.4 99.7 5.0 87.3 37.4 50.6 130.7 120.9 62.6 80.0 20.1 88.1 141.3 73.4 38.1 110.6 135.4 66.1 115.1 142.7 107.0 88.1 129.3 101.7 122.7 130.1 98.7 18.4 40.1 63.0 
97.1 97.7 19.9 9.6 42.1 107.6 110.4 80.4 85.7 80.4 17.6 105.9 76.0 16.0 86.9 21.6 34.1 129.7 87.9 6.4 129.6 102.3 94.6 23.4 111.4 124.9 10.9 67.3 50.7 101.3 130.3 5.0 106.4 57.6 14.6 56.1 22.3 32.4 136.6 15.4 112.9 61.6 28.9 46.0 127.9 23.1 67.6 19.1 10.0 62.9 25.6 139.7 22.3 27.7 20.3 133.7 9.7 81.4 58.1 60.4 90.3 95.9 115.7 53.9 
60.9 37.7 17.4 133.6 70.1 61.4 56.4 40.1 123.0 85.3 136.4 108.1 108.4 61.1 34.7 26.0 124.1 60.4 22.9 3.6 138.4 93.4 44.9 5.3 32.1 10.4 116.0 122.4 106.4 139.1 83.7 74.7 34.0 101.3 65.4 11.6 19.9 122.0 102.0 50.4 114.7 95.6 15.7 130.7 13.9 100.7 13.9 45.4 18.3 87.0 99.4 13.9 37.6 1.4 69.4 120.0 11.9 92.9 99.6 25.7 139.4 90.9 8.0 80.9 
49.3 73.4 92.4 119.4 102.9 101.9 27.0 125.1 54.6 93.0 20.4 118.9 51.0 34.3 21.4 119.6 28.7 120.9 41.0 66.3 29.7 110.4 43.6 92.0 110.9 50.6 25.1 14.9 141.4 33.1 95.9 98.1 14.1 95.7 74.9 24.4 54.9 101.9 6.7 109.4 102.4 27.1 135.7 10.6 111.7 14.4 130.1 140.4 42.7 28.3 64.0 122.9 46.3 15.0 122.3 64.6 65.6 4.6 79.4 114.6 88.1 32.4 69.9 102.3 
128.3 52.1 34.1 90.6 11.3 41.0 57.1 113.7 118.4 100.4 31.7 137.7 22.3 19.0 135.3 65.0 47.4 106.7 95.3 1.1 121.7 74.7 65.7 94.9 129.7 2.3 66.6 75.0 34.9 43.9 84.7 70.6 96.1 118.9 18.3 14.9 67.3 125.7 36.0 93.3 83.3 67.7 88.1 13.0 86.7 130.9 128.4 41.6 94.9 80.9 42.7 124.0 63.1 15.9 126.3 50.0 18.3 50.0 32.4 103.4 1.4 24.6 81.4 97.6 
50.9 99.7 112.4 25.7 132.9 5.6 26.4 123.7 73.3 114.6 136.7 67.4 102.6 122.3 16.6 104.9 110.7 109.6 136.4 31.0 125.6 119.9 131.3 51.3 77.4 71.1 11.9 78.9 3.1 93.3 33.6 54.0 100.4 53.4 130.0 140.7 59.0 13.6 121.6 39.7 35.6 23.0 14.6 45.7 2.4 31.1 7.7 20.6 48.3 1.3 51.6 31.0 28.7 90.3 132.6 106.1 68.9 1.6 92.4 72.0 2.3 126.0 33.6 102.7 
86.9 20.7 8.0 53.3 84.7 37.1 93.0 120.3 60.1 15.0 23.1 112.9 96.6 81.3 133.6 2.0 132.9 92.6 83.3 18.7 40.1 73.0 124.9 109.0 74.6 74.4 88.6 127.1 107.9 122.1 137.3 102.1 0.0 2.4 12.6 135.0 39.6 13.0 112.6 99.7 28.1 135.7 120.1 124.7 124.4 110.9 126.7 114.6 60.6 117.4 133.3 8.1 47.6 22.9 24.7 29.6 4.7 113.3 13.9 20.1 92.6 58.6 122.3 0.0 
61.0 135.0 42.6 8.1 55.4 12.3 15.3 83.6 55.4 135.4 115.7 37.1 10.9 7.0 8.9 121.9 124.4 49.6 130.0 29.1 72.4 62.1 109.0 77.3 82.9 122.9 4.9 82.9 88.9 127.1 133.3 7.1 26.7 33.0 65.6 82.3 45.3 80.9 73.3 8.1 123.9 46.3 45.3 134.7 53.3 104.4 113.7 35.0 11.3 8.4 114.4 134.0 120.9 80.7 68.4 61.0 111.0 73.3 1.0 57.1 108.0 134.3 114.6 42.1 
24.4 87.6 124.4 69.7 25.6 105.3 78.0 6.6 8.7 30.7 141.4 112.3 42.7 19.7 54.7 54.0 28.1 76.7 45.1 6.3 14.6 21.1 117.6 33.0 1.9 118.6 140.4 17.3 110.1 19.6 59.6 42.0 107.1 91.4 19.3 40.3 53.9 4.7 46.9 112.9 35.4 95.7 82.4 78.1 23.0 137.1 39.6 101.4 71.0 135.1 15.1 135.9 13.4 132.7 76.4 65.6 108.6 124.3 83.0 126.1 1.1 142.6 25.3 15.7 
141.4 44.6 106.3 52.6 49.3 60.7 22.6 135.1 13.6 105.0 70.4 86.9 6.9 17.6 45.6 128.1 9.9 60.7 28.7 73.6 101.0 105.1 139.1 66.7 136.9 129.6 100.3 45.4 129.3 125.6 61.3 35.4 77.7 24.7 88.0 127.0 85.4 110.6 26.7 6.6 123.1 4.7 0.9 37.4 22.3 46.4 73.0 32.1 14.7 101.7 105.7 115.7 114.3 102.0 89.9 108.4 88.9 47.3 11.0 125.6 80.3 72.3 68.4 15.1 
4.6 13.6 49.7 140.3 31.7 76.4 54.3 62.3 81.1 55.3 99.7 10.9 9.1 80.1 43.0 23.9 39.1 56.1 47.0 10.6 65.7 136.9 119.0 62.0 91.6 130.1 95.0 29.1 109.9 20.7 94.6 21.9 34.3 1.4 69.7 116.3 128.3 124.0 35.7 116.9 86.7 42.9 127.9 96.0 123.1 28.0 27.3 19.4 134.6 124.7 80.3 57.4 118.7 56.6 119.4 67.6 94.1 71.6 4.1 61.1 92.3 98.7 133.4 34.1 
100.3 60.3 7.6 136.0 91.7 93.7 110.0 35.7 136.6 95.0 39.1 24.3 30.6 116.7 94.0 22.3 98.6 31.6 79.7 124.9 138.4 56.3 99.9 89.7 35.3 104.0 58.3 127.7 59.9 48.9 19.0 17.3 109.1 76.9 60.7 108.4 27.7 28.0 51.6 71.9 123.0 90.7 96.1 10.7 114.9 47.4 83.3 121.0 129.3 20.1 103.0 124.9 126.7 60.0 71.7 19.3 21.1 130.0 54.4 81.0 86.4 123.7 5.9 103.0 
57.7 66.6 68.6 135.9 2.0 120.1 64.9 125.1 118.3 18.1 43.3 90.4 115.9 126.7 68.6 102.3 54.3 79.0 84.3 38.3 139.0 63.4 107.9 67.6 50.7 19.4 56.0 44.6 50.6 112.1 4.7 108.3 86.3 73.4 101.3 88.3 50.7 73.6 70.6 26.3 91.9 21.4 24.1 64.9 55.6 0.1 74.7 109.9 79.1 16.1 55.6 125.6 130.0 20.6 100.6 88.1 90.3 13.7 132.7 140.9 33.4 137.4 13.9 119.7 
68.0 22.6 65.1 26.3 96.3 43.3 52.6 95.6 64.7 127.0 67.9 27.7 127.1 142.6 137.6 63.4 66.3 100.7 96.4 53.4 28.7 54.1 141.6 119.1 118.1 131.4 24.6 8.7 126.0 88.7 128.4 101.6 111.4 101.1 127.9 115.1 1.6 87.9 67.9 116.6 72.0 43.1 1.4 56.3 43.0 46.4 27.1 109.3 4.3 123.6 70.1 83.4 85.1 68.9 59.7 60.4 107.7 134.6 119.6 141.1 80.6 12.6 99.9 99.4 
113.7 84.9 122.0 22.7 29.9 97.3 46.7 101.9 140.4 48.1 65.6 40.6 2.1 92.7 57.3 56.7 73.4 127.4 140.1 66.0 103.7 57.0 34.0 118.9 99.1 10.7 117.3 87.1 73.6 74.3 94.0 94.9 66.7 73.1 117.6 4.0 27.6 21.6 13.4 75.4 120.0 79.0 116.1 122.1 79.3 80.9 36.1 9.9 115.9 33.4 126.3 127.0 140.9 17.4 103.1 4.6 78.4 77.6 91.7 9.1 59.3 42.9 104.0 33.4 
23.4 129.1 87.9 101.3 7.9 101.3 33.9 127.9 87.7 57.4 14.7 24.1 138.4 50.9 84.4 18.9 134.6 67.9 3.0 40.0 135.6 13.6 44.6 71.1 141.4 43.7 130.6 58.0 136.9 91.9 141.7 17.4 78.1 137.0 26.1 136.3 2.9 60.1 28.7 90.7 117.6 43.4 22.3 20.6 1.7 14.1 39.4 43.9 82.0 92.9 83.9 125.0 106.4 36.0 53.3 105.1 79.7 41.1 70.6 73.9 40.4 119.7 91.3 26.0 
114.0 117.6 19.4 116.9 85.1 98.4 115.0 110.1 142.0 137.4 38.3 51.1 8.7 128.0 95.0 141.1 78.0 86.4 123.3 92.0 122.4 84.1 54.3 109.6 32.7 32.3 40.6 73.1 9.1 39.4 99.1 123.1 64.4 26.0 4.7 6.7 124.4 119.7 24.3 31.0 114.3 62.6 82.3 30.6 47.9 84.7 28.9 33.3 78.6 59.6 125.3 108.4 0.9 87.0 75.3 33.6 119.3 23.3 106.7 36.0 62.7 113.3 66.6 127.1 
46.7 71.3 41.3 28.4 48.3 65.7 109.7 70.0 35.7 99.4 100.6 83.6 91.7 36.9 117.0 27.4 96.6 6.9 43.4 97.4 94.0 118.7 38.6 120.7 142.0 52.7 13.9 112.3 23.3 80.6 96.6 70.0 9.0 45.4 5.9 107.6 18.6 115.7 85.1 54.3 72.3 42.9 45.4 21.1 130.1 69.9 99.0 83.9 76.7 142.4 88.7 27.9 25.7 127.3 5.9 75.1 37.3 19.7 44.6 110.9 7.7 48.7 88.3 67.1 
94.1 1.7 31.9 112.7 24.9 117.0 74.4 4.6 67.4 119.9 76.1 54.7 46.9 32.3 46.0 123.7 82.1 134.7 59.0 107.9 26.7 64.9 40.1 114.3 135.0 84.9 132.6 50.1 133.6 78.0 117.3 135.1 130.0 6.4 12.4 12.0 30.9 86.9 16.7 5.7 114.3 92.9 60.4 18.3 32.6 106.4 49.4 114.7 5.9 16.0 79.7 32.6 80.9 27.3 4.0 123.3 19.6 136.6 30.7 60.6 122.0 55.4 52.9 109.3 
61.9 115.6 28.7 0.3 110.0 95.7 6.0 81.4 45.7 116.9 7.1 128.6 80.4 56.7 100.4 86.3 72.7 87.6 26.3 61.0 115.0 80.6 91.9 42.0 124.6 30.0 102.7 103.9 85.4 63.0 120.6 54.9 35.9 56.7 105.4 3.0 9.7 111.4 134.7 105.7 85.4 141.9 91.6 73.4 106.0 49.1 67.1 86.1 136.9 93.6 54.7 16.4 81.6 3.7 58.4 63.4 84.0 68.6 74.7 26.6 131.7 52.4 131.7 75.0 
109.1 94.3 128.3 26.3 113.3 120.1 132.1 106.1 26.6 80.9 36.7 132.7 130.0 104.0 76.0 31.4 105.0 130.7 47.9 43.7 41.9 13.9 14.6 33.3 82.4 89.3 110.3 121.6 49.1 99.1 104.0 15.6 101.0 89.4 41.9 71.4 117.0 31.1 34.7 0.9 19.4 121.9 41.0 6.7 133.3 24.4 38.1 2.9 62.7 136.4 96.9 104.6 7.4 111.6 45.4 140.1 58.0 12.9 119.0 107.3 112.0 80.1 30.3 120.4 
77.1 122.4 99.3 51.3 61.1 134.1 102.4 80.6 20.6 50.9 137.6 11.0 75.4 33.0 13.9 138.1 76.9 110.7 7.3 84.3 79.4 52.7 81.6 45.0 65.6 108.0 59.7 85.1 45.4 90.0 62.7 122.6 119.9 19.3 81.3 38.1 60.9 91.3 26.3 81.4 142.1 21.0 92.4 74.7 104.3 106.3 70.0 38.3 124.4 77.4 30.0 61.1 130.1 111.7 106.1 103.3 76.9 23.0 45.6 29.7 20.4 15.7 59.7 140.3 
35.0 48.6 86.0 3.3 139.9 19.7 84.7 139.1 40.7 84.6 121.4 52.6 98.3 98.9 90.9 80.0 83.7 28.4 48.6 121.4 47.6 62.1 81.9 124.4 135.4 34.9 61.7 13.0 50.6 121.4 60.7 136.0 27.1 54.1 139.3 74.4 73.9 131.6 121.1 22.1 123.6 99.7 74.7 79.1 106.0 73.0 16.3 47.0 101.4 115.1 25.6 6.1 34.4 14.9 38.1 27.0 49.7 7.3 90.3 7.7 128.7 8.1 0.9 63.4 
112.7 47.7 137.9 94.0 86.7 116.1 116.1 67.4 123.3 98.3 3.7 86.6 28.6 70.3 133.6 37.4 42.6 66.6 94.0 127.3 81.4 39.6 11.4 38.6 46.9 101.7 46.3 32.7 17.4 47.3 3.6 37.6 2.4 141.6 131.6 89.1 22.3 105.0 64.0 2.9 60.4 67.9 89.4 139.3 45.6 80.1 84.3 138.6 54.1 85.7 123.0 135.6 125.3 42.0 31.3 29.3 51.1 77.6 112.3 68.6 32.3 116.0 106.1 85.0 
22.1 2.4 31.3 44.4 107.4 2.9 47.3 75.3 121.0 136.7 122.1 23.7 124.3 113.9 69.7 35.6 56.7 50.0 78.6 39.1 142.3 109.9 118.7 50.6 95.0 88.1 119.3 34.7 111.6 132.9 119.9 41.1 135.3 58.6 85.7 7.3 61.4 133.0 133.0 39.6 34.4 19.7 113.7 66.1 133.6 40.6 9.3 47.4 140.9 87.9 136.9 140.3 105.3 112.7 48.1 107.7 108.3 74.9 142.4 127.4 115.1 119.4 25.7 15.1 
35.3 111.4 72.7 4.1 9.1 62.9 43.9 93.9 82.6 14.7 17.1 73.3 105.6 76.7 28.1 103.7 21.9 22.1 101.1 34.6 42.3 56.7 142.3 7.9 39.0 141.9 135.3 11.4 118.6 68.4 26.6 61.3 37.1 99.3 115.7 96.6 69.7 16.7 47.6 9.4 81.7 115.0 133.1 44.6 49.0 18.4 55.7 70.9 91.0 64.3 105.4 133.3 121.1 104.9 141.1 17.3 11.3 41.0 79.0 37.3 109.6 13.0 98.6 54.1 
