64 64
51.6 52.6 31.0 77.0 141.1 4.3 95.7 139.1 100.6 9.9 108.1 86.4 104.7 129.3 69.0 18.6 40.9 133.3 125.4 31.0 88.3 58.1 112.3 48.3 16.7 33.9 10.4 114.7 38.1 9.3 92.0 89.9 62.0 123.0 74.3 60.3 34.9 77.6 106.9 135.4 87.4 122.4 129.4 99.6 109.0 55.6 118.1 7.0 96.3 8.1 88.4 41.7 66.3 57.9 140.3 83.0 142.1 7.9 105.3 37.4 17.3 54.4 34.7 129.6 
85.0 109.1 47.0 119.9 94.1 61.3 19.9 38.7 40.9 6.4 45.9 7.0 62.0 21.1 64.4 15.4 79.7 10.0 107.4 3.1 118.1 105.0 136.6 117.4 20.3 99.0 62.4 37.6 60.9 97.1 24.3 3.0 113.7 121.6 122.9 65.0 40.0 50.3 11.3 131.3 56.7 57.1 45.7 26.3 128.6 110.1 92.0 65.4 27.6 107.0 119.0 3.0 69.1 112.7 27.9 89.4 119.1 90.3 34.6 37.1 95.0 109.1 40.3 65.9 
138.3 20.3 38.4 35.4 120.9 100.0 74.1 34.9 64.6 120.0 111.4 50.3 87.3 110.9 23.3 22.4 75.0 142.3 25.4 51.6 112.1 103.6 141.1 88.4 101.4 32.9 125.6 53.6 49.4 73.3 26.9 44.9 93.7 65.3 130.7 71.7 72.7 62.0 14.0 137.3 39.1 32.9 44.9 34.0 1.0 118.4 56.4 126.3 117.9 132.1 35.1 137.4 0.3 83.7 133.3 101.7 116.6 23.4 12.4 73.4 96.9 89.7 118.4 98.0 
12.1 106.3 26.9 135.3 25.4 91.3 129.7 115.0 31.6 82.0 56.4 82.9 57.6 20.3 66.4 82.9 9.6 9.0 77.4 60.1 92.7 118.1 19.1 116.7 141.7 81.9 47.3 95.7 28.7 22.9 50.9 91.3 36.6 128.0 83.7 112.4 126.7 70.6 84.6 15.6 9.9 48.4 5.9 117.7 68.7 72.3 57.9 128.6 131.6 42.7 45.9 81.4 18.1 65.0 55.3 17.0 54.4 102.7 20.1 83.1 33.0 71.0 31.6 120.0 
106.4 115.3 89.6 140.7 93.4 81.6 63.7 10.7 130.0 69.6 128.4 55.9 49.4 43.4 41.6 38.1 86.3 137.7 119.7 11.9 110.3 32.1 28.9 21.9 42.3 49.0 105.0 125.7 27.4 44.1 102.9 41.3 66.9 49.6 39.1 17.4 131.1 10.3 28.1 25.7 80.0 64.1 131.9 129.4 15.0 80.9 24.7 101.3 75.7 51.9 20.6 43.1 134.4 49.4 115.3 33.9 5.9 77.6 16.7 83.6 29.1 27.0 125.0 96.0 
76.6 71.6 21.0 115.1 82.0 49.1 140.9 69.4 113.3 37.3 56.0 128.4 118.1 131.0 137.1 101.4 40.1 65.3 1.7 82.0 114.7 117.1 115.9 28.1 102.1 40.1 111.7 38.7 67.1 93.9 134.7 51.3 73.0 12.9 23.6 62.4 112.4 72.0 131.9 133.1 109.3 45.0 26.1 135.0 83.4 70.9 93.6 31.0 136.1 2.7 113.0 15.4 27.3 136.4 43.6 36.9 84.0 12.6 75.6 58.6 13.9 67.6 109.9 137.1 
130.7 41.0 56.7 7.7 113.0 45.7 141.0 129.7 141.0 74.6 29.3 132.0 52.9 122.9 20.1 46.1 125.7 40.7 112.0 10.1 34.3 12.7 47.1 118.3 75.6 30.1 34.0 139.9 97.7 51.4 134.1 136.0 92.4 98.4 0.9 112.9 1.3 49.3 99.7 49.9 31.4 36.6 39.0 84.3 16.6 59.1 38.0 49.7 7.3 7.1 60.0 41.6 19.9 14.6 67.3 3.0 44.7 8.9 0.0 50.0 60.3 134.1 93.4 60.1 
89.7 1.7 30.1 141.4 101.4 37.3 48.4 132.9 73.9 137.7 124.6 90.6 54.0 19.7 47.7 111.7 26.9 107.7 10.4 97.1 29.7 128.1 100.1 124.9 137.0 100.1 82.3 104.7 141.7 32.9 72.3 139.0 84.9 102.4 45.0 43.4 139.7 0.9 83.7 121.1 138.6 65.6 68.9 100.0 135.6 116.6 68.9 70.0 131.9 129.7 24.3 69.0 115.0 31.9 101.3 16.6 39.4 40.7 28.7 38.3 123.9 101.0 84.7 116.3 
60.6 37.1 16.9 107.7 38.0 8.1 86.0 84.0 124.0 62.3 41.3 116.7 86.4 110.1 43.9 125.7 97.0 68.1 102.1 119.4 7.4 60.7 136.0 46.9 8.9 72.1 135.6 132.9 30.3 77.4 13.7 141.1 22.1 30.6 106.1 60.1 89.0 99.6 1.4 70.1 69.4 93.0 44.1 13.0 110.6 138.3 138.7 115.1 114.0 98.0 91.7 121.4 66.1 135.3 25.6 75.1 64.6 18.3 115.4 2.4 3.1 129.1 51.0 25.3 
67.1 64.6 135.9 13.4 21.4 44.7 83.6 90.9 45.1 35.1 11.3 12.9 81.0 7.1 128.0 52.1 12.6 127.3 81.0 78.9 27.1 106.6 11.1 142.0 32.3 34.0 1.6 85.9 20.3 52.7 18.6 87.4 117.3 61.9 100.9 46.1 106.6 92.0 44.4 59.1 34.6 55.7 72.1 115.6 62.9 107.6 75.1 125.9 92.0 13.4 61.9 119.1 27.4 123.3 118.4 59.9 14.4 27.4 53.1 85.0 130.4 71.7 29.6 12.4 
133.7 38.0 58.6 4.9 37.4 103.1 64.1 72.0 16.0 136.3 95.1 129.3 8.4 27.4 19.7 8.0 91.1 131.9 127.1 118.7 112.3 10.1 86.0 34.1 88.0 139.1 119.1 75.6 68.0 56.1 138.3 58.9 1.6 54.1 63.9 39.0 64.7 128.0 18.6 131.0 28.9 113.7 117.4 37.3 48.6 44.6 45.3 139.9 33.6 80.0 115.7 3.0 140.4 58.9 87.4 135.9 55.1 114.0 119.0 30.6 77.7 114.4 89.6 79.3 
76.0 60.9 25.9 140.7 96.3 44.4 129.0 32.6 65.6 11.0 69.9 21.6 55.7 22.7 18.6 139.6 10.1 41.7 50.1 58.0 100.6 137.6 101.4 63.1 16.3 77.6 1.3 94.0 99.4 141.1 80.7 32.7 59.1 106.6 30.6 12.6 58.4 67.0 95.4 31.4 128.4 22.4 53.1 91.6 95.4 71.7 88.3 13.0 113.6 138.4 121.4 121.6 40.7 80.0 92.3 57.0 65.0 93.6 58.4 21.6 142.1 139.1 54.3 58.4 
10.4 135.3 121.3 68.9 109.7 73.9 7.9 95.3 3.7 61.0 94.3 6.7 132.7 39.9 70.0 10.9 85.7 48.6 40.0 126.4 36.0 39.7 90.9 101.0 40.7 56.7 122.7 40.0 53.1 84.4 5.9 113.9 127.1 127.1 90.1 94.1 108.4 98.0 96.9 112.1 16.1 48.4 26.3 56.4 138.6 96.4 117.6 131.7 2.1 65.0 22.9 38.3 104.7 113.7 46.7 52.9 27.7 26.6 92.9 131.1 18.6 98.7 9.6 2.9 
133.3 99.7 97.0 6.3 55.0 51.1 26.0 121.4 7.0 52.3 85.3 53.0 5.9 60.1 41.9 58.4 32.6 64.7 4.1 137.4 35.7 101.1 47.4 113.7 127.9 47.9 9.4 53.9 54.0 69.3 56.7 94.9 26.1 61.3 101.1 131.4 19.9 127.1 17.6 26.9 87.0 102.9 79.9 92.9 70.4 121.7 58.7 103.1 43.7 113.1 97.7 129.7 71.6 52.6 8.0 106.9 7.9 67.7 17.9 62.0 137.0 124.9 64.3 70.6 
43.3 22.6 59.3 63.1 57.3 76.9 140.3 1.4 36.9 127.6 1.7 107.4 106.6 110.9 118.0 57.7 81.1 72.9 94.9 60.1 32.9 10.3 24.1 91.1 78.0 92.3 60.6 122.4 74.4 124.9 50.1 25.1 54.9 109.4 88.4 112.1 93.7 136.1 113.6 38.1 121.0 115.4 53.0 135.0 83.4 28.1 49.9 72.0 8.4 52.1 132.3 41.3 62.4 63.9 132.4 47.9 13.4 100.4 27.4 87.9 82.4 77.6 20.4 137.4 
94.6 108.9 106.7 45.4 9.7 127.9 133.9 130.7 7.9 44.0 122.9 141.6 72.1 80.1 70.7 80.6 132.3 110.4 29.4 102.1 31.6 69.3 7.1 95.3 27.0 84.9 90.6 16.9 69.9 111.0 11.4 21.6 127.4 25.7 117.4 137.1 10.7 108.4 125.0 68.9 9.7 12.4 67.6 132.1 92.6 45.7 120.3 132.3 13.4 6.9 91.6 95.3 126.4 6.1 47.7 60.9 141.3 45.7 77.9 68.3 13.9 89.3 140.3 141.3 
115.0 22.3 135.6 33.1 130.7 25.1 102.0 47.9 37.6 77.0 87.6 130.1 122.9 65.0 27.0 43.7 122.1 26.0 46.4 105.7 82.4 1.6 23.9 80.9 47.3 101.7 56.7 61.1 98.4 54.1 110.0 121.0 76.4 10.1 11.3 114.6 35.4 20.9 70.0 73.0 97.9 65.0 110.7 128.1 130.0 45.1 29.0 16.7 71.3 125.7 122.4 10.9 127.3 53.7 142.1 31.7 62.9 56.0 0.4 18.6 17.6 17.9 139.6 1.4 
28.0 58.3 23.4 113.7 129.4 93.4 94.3 84.6 65.9 62.1 120.1 53.0 14.7 56.7 69.7 86.0 39.6 99.7 4.4 74.4 10.6 3.7 13.6 123.9 110.0 64.3 142.4 127.6 82.1 46.6 129.0 110.3 104.9 9.6 131.4 141.9 10.6 82.9 133.9 76.4 52.4 111.1 37.0 67.3 25.0 14.1 10.4 115.0 113.9 65.1 46.6 32.0 68.9 60.1 13.0 86.3 124.6 62.9 71.0 114.1 109.4 107.4 131.9 121.7 
24.6 120.6 120.7 85.4 60.6 111.7 69.3 113.1 130.4 106.3 37.6 12.6 28.0 98.3 35.0 49.3 20.7 81.6 131.6 139.9 49.3 52.0 83.4 81.3 114.9 61.9 52.6 131.7 76.9 41.7 110.7 101.4 19.4 138.9 94.3 80.0 15.3 20.7 100.6 2.9 34.6 138.1 65.7 62.6 1.1 100.9 111.9 72.1 89.9 100.7 69.1 139.1 9.9 60.0 127.9 32.3 29.4 37.7 21.1 106.3 79.4 39.3 115.1 6.3 
35.4 66.6 86.3 50.7 87.3 44.1 53.6 29.3 89.7 119.3 91.9 90.9 127.6 111.3 70.4 74.7 119.4 139.7 121.3 36.7 107.1 13.9 69.0 44.0 51.6 90.3 7.4 38.4 129.6 30.0 44.7 72.4 96.6 38.4 123.1 91.4 132.9 84.1 120.7 130.1 111.0 69.9 128.4 3.1 88.6 56.1 128.1 65.1 103.3 106.7 101.9 117.9 120.6 28.1 19.1 79.6 25.9 26.6 118.0 62.9 107.0 70.1 135.4 60.7 
16.0 23.1 59.6 56.4 14.9 37.6 43.7 33.3 14.9 79.6 36.4 103.4 135.7 21.9 76.0 96.1 36.0 35.0 71.3 64.0 113.4 90.4 0.7 46.7 24.4 26.1 109.7 131.4 3.7 9.7 99.7 70.0 83.1 16.4 126.4 98.0 104.3 77.6 131.3 119.1 14.4 75.3 130.0 7.3 97.1 63.1 11.0 40.6 5.7 82.3 104.6 26.6 80.1 12.7 73.4 12.0 38.9 90.6 51.0 92.9 100.3 7.9 20.0 40.6 
74.6 3.7 46.1 36.1 81.3 84.9 62.7 95.7 67.6 100.3 10.6 21.9 20.6 21.6 62.4 76.6 11.3 74.4 103.3 91.4 87.1 84.1 10.9 33.4 31.9 61.9 126.3 132.1 120.0 3.6 80.1 102.1 57.6 33.7 138.3 46.3 26.1 108.4 49.6 93.7 65.9 60.1 23.1 136.9 132.0 135.9 70.6 0.4 67.6 81.3 142.1 11.9 22.6 10.1 45.4 104.7 122.4 79.1 1.4 7.0 133.0 81.7 109.1 98.0 
22.9 104.6 1.6 49.0 120.6 51.1 50.3 43.6 18.7 73.4 37.6 7.9 66.4 15.7 58.6 134.0 4.4 57.9 53.4 77.4 118.3 6.3 39.3 97.9 85.4 40.9 105.0 126.0 30.0 71.3 81.1 52.9 83.4 82.7 9.4 61.1 41.3 59.7 12.1 110.3 133.1 100.1 118.1 107.0 115.9 84.1 5.7 27.7 142.0 59.1 105.1 117.6 115.7 52.0 122.9 58.3 92.9 135.3 41.4 30.3 63.9 122.7 83.1 54.7 
112.9 0.0 23.3 61.7 59.7 35.4 29.1 100.3 135.6 54.9 64.6 16.0 139.0 70.3 94.1 138.3 36.9 106.7 20.4 9.7 15.9 0.4 118.3 16.1 135.9 67.3 46.4 107.1 97.4 129.7 69.3 67.4 129.7 92.6 129.1 97.0 35.4 65.9 54.4 78.6 120.7 119.0 2.0 116.9 96.7 96.1 19.7 133.6 60.1 40.1 50.7 76.0 91.0 26.3 142.6 134.3 93.6 46.1 6.0 98.4 83.3 75.3 73.3 70.3 
75.3 59.7 74.7 110.7 33.0 129.1 96.7 10.9 12.9 98.9 35.1 109.6 52.1 55.0 7.9 19.7 2.6 58.6 3.3 1.0 135.1 3.0 135.3 136.1 49.1 48.7 91.7 132.6 31.4 22.3 110.3 106.7 132.3 92.4 125.0 22.4 78.7 78.9 33.3 141.9 85.1 118.7 108.7 137.4 30.9 24.0 64.6 33.6 132.9 67.9 84.9 125.3 121.1 127.7 118.6 77.9 33.6 67.6 117.9 65.1 140.1 85.3 79.3 129.6 
34.9 111.7 59.4 21.0 47.9 0.1 20.1 133.0 118.9 36.3 35.0 7.0 60.3 7.1 90.9 50.3 125.3 83.1 83.0 103.7 68.0 58.9 38.7 101.7 33.9 13.7 74.3 31.1 6.4 61.0 68.1 91.6 30.0 127.6 20.0 128.1 35.1 40.1 25.7 11.1 126.7 111.1 68.4 94.4 118.3 66.7 52.3 8.1 7.1 135.3 111.9 75.1 51.3 58.0 84.3 135.4 122.0 66.0 74.0 35.9 34.6 142.1 34.9 64.6 
34.3 55.0 100.1 119.7 2.6 33.3 131.0 129.4 1.6 106.9 81.0 27.3 30.9 40.7 35.6 88.3 33.3 54.9 20.6 134.9 20.4 12.4 127.6 142.4 128.7 109.0 85.9 20.4 108.4 120.7 135.3 50.1 83.1 0.0 27.1 85.9 33.4 65.6 72.4 85.3 29.6 60.9 112.7 110.7 101.7 55.7 56.1 42.4 110.6 127.1 34.4 38.4 47.0 69.4 88.4 32.9 35.7 31.4 103.7 51.6 59.6 96.1 101.7 0.0 
96.3 36.3 85.9 37.1 9.3 65.7 122.4 89.3 126.6 142.6 107.4 135.7 55.4 20.9 35.3 73.6 55.4 120.1 112.0 102.4 46.7 57.6 42.7 82.4 139.3 3.6 134.0 56.1 99.9 0.4 56.1 103.6 87.0 49.4 140.7 3.9 115.1 27.7 93.1 6.3 27.6 57.7 49.6 133.3 128.9 84.9 64.0 41.4 112.4 83.6 51.3 16.4 48.6 94.1 6.3 95.4 97.7 47.9 8.7 105.0 48.3 115.1 116.0 42.7 
72.0 21.3 46.6 44.3 49.1 47.1 100.9 127.0 12.4 7.6 117.4 48.7 0.0 89.0 90.3 112.4 80.0 49.0 36.3 128.6 0.3 42.7 131.4 5.6 90.6 140.1 18.0 46.3 19.9 41.6 139.3 91.9 113.1 93.4 43.6 19.4 140.6 1.7 53.9 60.4 59.6 28.6 109.3 59.6 25.0 107.0 79.6 105.0 13.1 115.9 141.0 63.9 15.7 129.7 119.7 106.3 127.0 45.1 60.0 54.4 137.0 56.6 53.7 107.4 
7.1 97.4 126.9 55.1 6.6 88.3 115.7 66.1 116.9 82.1 125.9 141.9 96.6 62.6 11.4 109.7 35.6 9.6 81.0 101.7 139.3 57.9 115.4 31.0 10.6 32.7 85.4 4.7 89.3 46.6 112.1 96.4 1.1 3.7 59.0 7.7 92.0 31.9 124.3 116.3 21.4 107.3 22.7 118.0 77.3 34.1 135.3 20.3 43.7 73.4 122.0 40.3 38.9 94.7 121.6 99.7 34.9 114.4 104.4 31.6 18.1 124.1 35.4 19.4 
127.9 94.4 77.4 127.3 126.4 58.9 100.7 55.3 73.6 123.4 30.6 58.3 65.0 73.3 78.7 108.7 54.1 108.1 56.4 0.4 110.3 35.1 100.1 2.3 6.7 112.1 33.9 75.3 93.4 69.3 2.1 78.4 21.0 79.6 113.1 54.9 46.0 71.0 110.1 27.0 101.9 48.1 85.4 24.0 28.9 71.6 40.1 83.1 36.9 96.7 83.6 4.4 39.3 41.0 57.0 96.4 10.3 141.3 28.9 11.1 118.0 31.0 89.6 46.4 
18.0 110.1 101.3 114.3 38.3 119.0 141.4 47.6 74.6 134.3 71.6 103.6 63.0 111.7 94.1 7.3 115.9 34.9 62.0 62.7 126.1 119.1 16.3 43.9 25.0 95.4 55.0 0.1 33.9 52.0 46.7 102.1 19.3 55.4 73.7 57.6 81.9 122.6 12.6 64.0 114.0 84.1 24.7 84.4 103.4 26.3 91.7 126.7 61.1 11.0 46.6 44.6 37.6 113.1 138.7 112.9 116.0 51.0 113.0 7.0 103.0 67.1 16.7 122.4 
30.1 90.4 87.4 112.0 120.4 100.1 83.4 141.9 91.7 15.6 83.4 52.3 41.9 82.6 36.3 103.1 1.0 133.1 55.1 88.9 103.6 101.3 58.9 76.7 9.4 29.1 134.1 112.6 3.7 8.0 142.4 33.9 5.9 137.3 53.4 126.3 94.6 44.3 32.7 93.9 60.0 116.1 3.3 101.9 106.1 89.9 112.4 107.3 130.6 75.0 53.3 91.3 33.6 112.3 75.4 43.0 48.9 66.7 63.0 102.9 74.7 62.6 44.3 130.9 
57.1 5.1 21.7 59.1 49.4 54.4 10.1 16.9 78.0 63.9 118.9 41.4 61.1 138.7 56.1 48.9 71.0 109.4 47.6 12.0 129.1 123.1 105.3 85.4 47.0 25.6 95.9 29.3 138.4 47.6 67.6 103.0 52.7 89.4 69.7 9.6 1.0 130.1 26.6 79.1 101.4 52.9 120.6 19.9 48.7 84.1 119.0 27.1 101.0 23.9 39.1 87.4 54.4 1.7 80.3 8.9 77.6 83.6 88.4 73.1 131.1 13.3 33.4 41.0 
102.7 10.6 101.0 103.7 140.7 127.6 90.3 99.4 37.6 118.3 26.7 136.6 59.6 2.9 21.0 17.9 77.0 60.1 12.7 38.9 112.1 0.4 47.9 46.9 84.1 136.3 27.6 72.4 6.7 61.0 21.0 109.4 71.6 29.4 120.7 119.7 14.1 118.4 76.3 102.0 94.0 103.0 95.7 10.7 13.4 24.1 28.6 140.7 134.7 91.6 36.9 104.0 92.1 84.7 58.4 33.4 78.1 86.0 13.3 135.3 54.4 84.6 9.3 33.4 
114.0 37.4 10.3 35.6 13.1 86.7 137.6 107.1 97.1 140.9 117.9 110.6 22.1 54.0 16.0 14.0 2.7 52.9 25.6 94.9 137.6 84.0 35.7 123.1 77.4 49.1 23.0 131.9 41.1 32.4 22.4 12.4 69.9 32.7 48.0 83.0 26.9 93.1 47.3 31.6 141.4 72.7 142.1 20.7 126.7 65.6 85.1 36.9 118.4 18.1 39.3 20.6 9.6 75.0 1.0 87.0 31.6 24.0 76.0 72.9 106.7 98.4 135.6 33.9 
38.6 91.0 24.3 115.9 41.3 71.7 4.6 39.9 51.9 3.9 111.0 86.0 119.9 103.6 122.9 95.4 121.7 69.6 116.1 131.3 1.9 24.6 75.4 83.7 98.9 58.9 64.0 62.9 64.7 56.7 4.1 103.3 5.0 28.4 76.3 96.6 7.6 80.9 44.0 109.7 135.1 62.4 52.9 112.1 23.1 83.3 115.0 52.3 10.0 88.3 91.0 62.1 20.3 73.9 3.1 26.7 132.7 117.4 139.9 54.6 31.4 1.1 65.3 86.7 
79.9 141.7 90.7 137.9 130.0 134.7 104.7 29.7 104.6 65.1 141.9 127.7 5.6 114.1 87.4 65.9 109.9 35.6 128.1 37.7 109.4 38.7 64.4 6.7 13.3 61.4 111.6 95.0 112.9 34.1 89.1 100.1 83.3 37.1 2.6 70.4 79.3 107.4 100.3 41.1 80.0 6.7 76.3 135.9 28.3 21.0 58.9 45.7 106.9 94.4 83.4 123.9 133.1 5.0 130.6 54.0 116.7 99.4 56.4 137.0 41.0 53.1 94.3 124.3 
140.6 4.4 102.1 77.0 111.9 59.6 25.6 99.3 116.7 9.4 92.3 2.1 80.7 8.3 47.9 44.7 102.9 131.3 25.7 0.6 43.7 63.9 104.9 67.9 20.4 68.9 62.0 61.4 122.0 63.9 93.1 119.7 68.3 52.4 104.1 87.6 19.6 37.3 94.3 136.3 46.7 43.7 138.4 127.4 102.3 93.9 79.6 62.3 132.6 105.4 113.3 83.9 26.4 125.6 8.9 97.1 51.6 121.3 66.0 81.0 92.6 16.3 108.1 68.3 
68.7 69.6 63.3 138.6 106.9 14.7 132.0 61.0 58.4 35.1 95.9 17.9 129.0 32.6 130.6 26.1 45.4 8.4 110.0 122.1 41.4 119.0 126.7 0.6 4.9 49.9 81.6 97.4 116.4 47.0 73.1 92.7 24.0 136.4 88.4 38.3 8.3 77.7 6.7 117.0 20.3 102.6 42.3 56.7 42.6 80.3 82.9 138.4 88.7 50.1 117.7 130.3 76.6 9.1 130.9 81.4 109.3 119.9 86.3 83.0 74.3 16.6 83.1 98.3 
10.1 28.7 44.0 68.7 13.9 50.7 93.1 34.1 10.4 135.4 90.9 103.4 73.0 81.3 99.0 69.1 131.4 73.9 56.6 65.1 133.3 94.9 54.0 99.9 122.3 140.3 40.0 53.7 14.0 30.6 9.3 74.4 59.3 103.6 0.3 123.6 11.6 93.4 65.1 22.0 136.3 63.6 125.4 66.4 2.0 131.9 43.1 40.9 113.3 7.1 106.0 103.7 102.1 67.4 60.7 81.6 64.9 8.1 135.3 129.1 38.7 52.0 60.7 5.6 
12.9 111.3 36.6 74.7 112.1 101.7 4.1 13.0 22.4 37.1 129.9 74.7 26.1 30.1 115.6 139.4 37.3 129.0 100.4 46.9 53.6 68.6 128.4 25.9 76.9 28.4 12.1 23.0 130.7 123.1 28.6 51.0 141.9 65.1 125.7 18.6 74.4 130.0 31.7 4.3 24.3 18.7 79.1 100.7 99.1 102.1 97.4 136.4 88.4 55.0 40.6 49.4 123.6 76.4 75.4 107.9 12.3 137.9 131.0 50.6 25.7 67.0 101.6 24.7 
39.7 134.9 93.7 114.1 29.4 125.4 118.4 104.0 51.6 105.0 61.9 7.9 64.4 16.4 51.7 60.3 121.7 92.3 17.1 10.0 76.3 0.0 117.9 88.6 138.0 13.4 139.1 20.9 130.9 5.4 95.9 27.7 140.3 46.7 141.9 77.1 79.6 24.9 38.3 131.1 130.0 100.1 46.4 101.9 24.1 98.3 19.3 3.0 98.0 36.4 63.3 31.4 86.9 88.7 27.6 82.0 9.6 23.9 10.3 140.4 79.6 106.1 25.3 127.3 
10.1 24.3 61.6 89.7 49.3 7.3 128.4 86.7 107.6 32.0 45.7 39.1 37.7 115.3 92.4 135.9 59.1 13.0 24.4 3.1 9.1 52.0 85.1 18.7 126.3 95.4 16.4 63.0 109.1 41.7 47.6 26.7 116.4 16.6 23.9 73.1 24.0 9.4 67.3 39.0 91.9 113.0 128.4 129.6 85.4 78.0 122.6 1.7 141.3 54.6 55.3 7.6 106.6 140.4 26.4 140.3 0.6 93.1 60.6 17.1 42.3 15.6 43.9 15.9 
82.4 67.7 139.3 13.9 127.6 63.7 52.9 76.6 84.1 38.4 63.3 77.0 24.0 93.4 129.1 22.4 5.1 41.6 30.1 19.1 39.1 106.9 16.7 90.0 107.4 77.3 107.1 6.9 0.3 8.1 73.1 133.0 126.3 119.9 4.1 111.0 91.1 107.3 44.7 32.4 3.0 15.4 109.6 77.3 108.9 95.9 99.7 21.4 44.9 37.3 40.7 134.3 51.6 57.4 81.6 16.1 42.1 96.1 23.1 42.4 11.9 3.7 32.6 138.1 
123.6 87.0 13.7 71.9 51.6 58.4 104.4 54.6 124.1 121.4 39.3 90.3 124.7 139.0 19.1 26.7 83.9 59.9 68.4 135.4 117.3 57.4 8.9 16.6 10.9 82.3 109.3 22.7 86.0 49.4 68.3 117.0 136.4 82.0 46.1 45.1 47.9 58.0 7.1 29.1 86.9 46.4 26.9 68.7 93.0 46.1 2.9 34.0 13.4 121.6 26.6 130.9 36.3 85.7 54.9 47.1 75.4 21.4 120.1 68.9 70.9 95.9 43.1 114.7 
35.0 139.6 17.1 133.1 54.7 74.6 69.7 141.6 121.1 4.1 117.7 121.6 100.6 28.0 12.7 114.0 6.7 89.6 102.0 43.0 82.9 14.1 140.4 15.4 85.9 117.7 84.4 64.1 70.7 35.0 36.0 13.1 31.7 103.4 53.7 86.4 35.3 123.6 135.4 63.9 127.7 17.7 42.6 85.4 96.0 105.6 106.9 102.7 52.3 66.1 53.3 135.1 130.6 50.9 58.1 73.6 76.1 50.0 137.7 54.3 85.0 81.1 117.9 116.7 
41.9 28.7 110.6 77.1 9.4 103.1 141.0 44.6 28.3 91.0 37.4 124.3 53.7 1.6 84.1 13.4 118.0 44.9 56.1 13.1 95.9 21.7 86.7 79.4 71.7 131.9 133.7 13.9 70.1 108.7 38.0 112.0 137.6 5.7 96.6 54.4 16.3 2.1 6.6 44.6 93.1 94.3 26.0 54.3 3.3 17.6 118.1 121.3 62.6 31.4 134.4 65.9 53.1 128.6 2.4 32.3 25.0 43.6 46.1 2.7 9.6 134.4 22.1 54.6 
140.1 118.9 16.4 13.6 121.0 73.3 58.1 121.7 24.9 134.4 33.1 28.1 59.4 58.7 6.7 122.0 140.4 48.6 95.3 101.0 84.7 5.1 133.3 109.7 48.9 86.9 19.9 108.7 78.4 42.1 70.7 75.7 18.1 87.1 139.6 46.6 17.7 54.9 25.4 92.9 96.7 109.0 121.0 13.4 24.9 35.1 42.9 22.6 134.1 45.7 123.6 76.0 50.9 21.6 93.1 7.1 108.4 113.1 23.3 44.1 12.4 94.0 27.3 80.9 
88.7 24.1 127.4 13.9 129.3 60.4 106.7 83.3 26.6 135.1 4.1 101.7 27.6 47.0 31.7 18.9 92.7 62.9 2.3 51.1 84.4 95.4 58.3 50.0 116.0 81.7 1.6 128.4 83.1 29.0 66.4 79.3 103.4 101.4 93.1 89.9 19.0 107.3 80.6 45.6 99.7 84.7 54.7 127.3 39.3 86.6 53.6 39.4 6.6 55.9 140.9 141.3 58.7 56.4 48.4 32.0 45.6 100.4 67.9 36.1 36.9 41.9 115.6 140.3 
0.4 65.9 137.6 19.4 30.4 75.4 115.3 37.6 67.6 27.1 22.0 14.3 21.1 75.6 53.9 78.0 38.9 51.9 76.4 5.0 15.7 32.4 37.0 111.6 40.3 12.4 5.0 77.1 54.3 28.0 74.6 54.7 1.3 69.3 124.4 82.0 52.1 96.9 119.6 119.9 31.4 141.6 134.1 103.0 124.6 95.4 38.1 70.9 54.9 22.1 76.0 120.9 104.9 20.4 89.7 2.3 32.9 2.1 79.4 87.1 80.4 61.4 49.3 81.7 
38.1 30.9 21.0 90.4 35.1 48.0 117.7 117.0 97.1 16.4 77.1 129.1 19.4 22.7 57.3 74.3 44.9 40.7 52.3 57.1 61.1 49.4 59.4 94.1 101.9 138.9 88.7 39.4 107.7 138.1 28.7 3.1 76.4 100.0 1.0 111.7 5.1 118.7 85.9 102.3 42.6 70.4 88.7 62.0 93.1 53.4 136.3 45.6 94.1 96.1 102.7 62.7 53.0 69.7 14.0 12.1 116.0 10.3 101.9 81.0 5.6 130.6 134.4 132.3 
87.7 135.4 101.1 93.0 18.7 94.4 52.4 61.3 22.0 48.6 123.4 22.7 102.0 116.9 118.6 103.6 120.4 78.4 23.6 30.7 55.6 87.9 42.9 28.9 98.1 1.9 109.9 11.1 132.6 101.4 0.7 127.7 1.4 9.3 77.9 20.1 103.9 37.9 81.4 33.3 86.4 62.0 56.0 96.0 86.4 31.7 107.0 64.0 17.7 130.6 2.1 73.3 126.0 95.3 9.6 81.3 97.3 119.4 0.0 137.3 128.3 51.0 122.1 37.1 
110.6 107.6 57.3 71.6 2.6 46.3 12.4 139.3 108.3 68.4 142.7 102.1 7.7 107.0 73.7 75.7 94.7 75.9 56.4 128.1 28.4 66.1 117.0 33.1 93.0 117.0 77.9 128.9 75.4 107.4 23.1 43.1 72.1 130.9 22.3 125.0 34.3 34.7 121.6 50.0 10.6 121.4 9.4 18.3 135.9 133.4 1.4 138.1 66.4 108.3 123.4 2.3 31.6 97.6 35.4 32.0 122.0 20.7 68.3 54.6 128.3 91.6 5.3 57.6 
129.9 27.6 90.1 21.3 62.3 68.9 71.3 123.1 97.7 80.7 49.0 90.9 71.3 50.4 136.4 45.3 15.9 117.0 47.6 97.7 71.9 133.4 37.3 51.0 61.6 105.6 13.1 47.0 104.6 18.4 12.1 91.6 96.3 102.3 20.3 66.0 78.6 91.7 46.3 33.4 79.9 95.3 31.7 58.7 3.0 25.3 104.0 69.1 49.9 59.0 74.4 121.7 99.9 111.7 80.1 18.7 124.7 0.7 65.7 136.9 69.4 128.1 135.9 22.9 
87.6 13.4 139.1 23.3 105.1 42.7 107.1 92.4 138.0 138.9 8.3 48.4 71.7 112.3 25.1 121.6 78.9 99.6 7.9 86.1 118.7 138.3 104.9 8.0 139.1 78.1 52.3 116.0 63.4 45.4 139.0 8.3 109.1 135.3 81.9 121.7 85.4 46.1 71.3 80.7 92.6 79.7 36.6 71.7 99.4 112.0 100.7 85.7 119.0 108.6 29.1 2.3 104.0 134.0 10.4 7.7 119.6 113.0 123.9 40.3 65.9 27.4 98.9 32.1 
70.1 37.9 11.0 12.9 134.4 132.7 1.0 134.4 119.9 37.6 63.3 126.7 57.1 21.1 69.7 33.3 37.1 6.3 35.7 141.1 47.7 46.1 56.4 24.6 66.6 37.4 115.1 132.6 115.1 71.1 21.9 42.4 16.4 83.3 55.3 8.0 123.4 56.3 49.9 100.4 1.4 113.1 84.3 58.6 134.3 61.4 142.1 28.6 67.7 35.0 77.3 115.6 131.4 41.1 47.6 55.3 78.6 19.9 45.0 101.1 91.0 117.1 0.7 107.4 
107.9 106.4 23.0 88.4 70.1 72.9 46.0 71.6 93.6 37.9 37.6 135.3 99.3 37.0 71.4 74.6 122.3 5.9 97.6 111.0 47.0 2.3 23.4 33.0 22.1 118.7 134.1 113.1 93.0 42.3 128.0 58.1 5.9 58.4 3.7 76.1 38.9 100.1 55.1 132.4 138.0 0.3 32.3 1.9 87.6 103.7 76.4 67.0 17.0 31.1 35.1 114.3 83.7 108.9 4.4 105.9 84.7 46.0 126.4 35.0 138.7 19.1 0.6 1.7 
127.9 4.3 128.1 23.9 11.9 40.6 63.7 7.0 91.1 96.1 59.3 35.9 57.0 135.7 102.9 124.4 74.4 45.6 95.9 65.6 11.6 7.9 28.7 96.4 53.9 12.3 38.9 100.0 81.7 39.4 101.9 66.9 94.0 137.4 90.7 106.0 35.1 62.0 20.4 126.3 65.6 79.7 69.6 30.0 123.0 80.0 11.6 54.6 125.6 107.6 120.1 137.1 115.4 56.3 141.0 76.7 119.0 37.0 34.0 57.9 126.7 43.3 124.7 78.0 
37.9 123.0 91.4 123.4 42.1 111.9 14.3 107.7 48.9 84.0 137.7 29.0 21.1 6.6 133.9 54.1 21.6 18.6 48.4 137.0 75.0 97.0 70.9 51.1 41.4 12.3 16.4 25.4 55.6 141.3 10.9 1.0 121.4 102.3 124.4 71.0 71.3 138.7 86.1 120.1 130.1 131.3 56.6 58.7 45.3 47.6 112.9 66.9 66.3 68.9 61.0 141.3 23.0 39.4 99.9 114.7 51.7 116.3 47.6 14.9 22.1 58.4 15.9 51.0 
68.1 140.3 29.4 47.0 43.6 115.6 74.6 81.3 104.1 131.3 140.0 6.6 36.0 17.6 73.6 102.3 86.4 42.0 8.1 16.9 81.4 15.4 39.0 40.7 39.3 86.7 55.6 61.4 2.3 71.4 20.0 120.9 119.1 49.4 25.0 70.1 22.3 99.6 58.9 33.9 88.0 106.4 90.7 31.6 124.0 71.7 133.9 117.9 113.9 49.6 134.7 102.7 115.3 81.1 0.6 11.7 25.0 106.4 123.6 77.7 85.3 0.7 55.7 111.9 
100.4 80.7 39.3 122.7 87.7 5.6 64.0 33.0 112.0 12.0 64.6 93.1 83.7 105.9 68.1 105.0 62.9 110.3 65.0 85.7 48.7 115.9 97.4 124.0 129.9 128.4 58.9 72.3 36.6 114.6 91.7 137.1 102.7 38.4 24.4 98.0 44.0 88.6 38.4 13.3 100.6 10.4 106.4 91.7 23.7 82.1 54.0 86.7 99.9 26.4 29.6 56.0 49.7 34.4 37.3 36.7 70.4 96.1 16.6 107.0 118.3 108.3 101.3 128.4 
3.9 125.9 133.9 98.1 71.6 29.4 111.4 79.6 39.9 125.4 28.4 63.7 64.7 132.7 57.9 72.0 16.3 87.4 128.1 116.4 29.3 72.9 10.3 99.7 76.4 77.1 114.3 51.9 92.9 72.7 87.9 4.1 106.0 78.9 102.4 85.0 15.9 71.0 21.7 55.7 103.9 100.6 26.9 76.0 90.4 84.7 5.3 14.3 79.6 40.9 130.7 16.4 113.7 48.4 116.1 47.3 33.1 87.6 6.7 126.0 67.9 2.0 130.3 81.3 
131.1 140.1 23.6 4.1 118.6 95.6 110.3 79.7 103.6 137.1 63.1 51.3 79.1 68.4 115.9 66.1 16.7 103.7 82.6 130.4 59.6 106.3 85.3 92.7 101.3 92.0 76.0 26.3 94.0 113.7 15.1 132.6 18.4 38.7 136.9 137.0 41.7 104.3 124.1 2.6 6.0 44.6 53.9 135.4 20.4 77.1 58.9 37.3 38.0 141.4 24.9 97.6 12.3 17.6 97.9 113.7 109.6 31.0 47.4 111.0 52.1 62.6 100.9 70.6 
